// General information: 
//  MT Manager version: 2019.0.1 
//  XDA version: 2019.0.1 build 2740 rev 84096 built on 2019-01-30
// Device information: 
//  DeviceId: 00B43876
//  ProductCode: MTW2-3A7G6
//  Firmware Version: 4.3.4
//  Hardware Version: 1.1.0
// Device settings: 
//  Filter Profile: human(46.1)
//  Option Flags: Orientation Smoother Disabled, AHS Disabled, ICC Disabled
// Coordinate system: ENU
PacketCounter,SampleTimeFine,Acc_X,Acc_Y,Acc_Z,FreeAcc_E,FreeAcc_N,FreeAcc_U,Gyr_X,Gyr_Y,Gyr_Z,Quat_q0,Quat_q1,Quat_q2,Quat_q3,Roll,Pitch,Yaw
60577,NaN,4.225560,8.988122,-0.402413,-0.060216,0.003765,0.127132,0.001968,0.002877,-0.007516,0.560297,0.351622,-0.632188,-0.403445,92.950390,-25.132030,-97.927265
60578,NaN,4.198952,8.955112,-0.401541,-0.058253,0.013556,0.085943,-0.005087,0.004637,-0.003952,0.560303,0.351619,-0.632185,-0.403444,92.949634,-25.132488,-97.926598
60579,NaN,4.211924,8.944324,-0.430835,-0.030852,-0.006054,0.083063,-0.003520,0.005153,-0.004909,0.560302,0.351619,-0.632186,-0.403445,92.949797,-25.132425,-97.926851
60580,NaN,4.206630,8.966436,-0.420572,-0.040255,0.009275,0.100328,-0.003291,0.004114,-0.006534,0.560294,0.351620,-0.632188,-0.403451,92.950250,-25.131589,-97.927831
60581,NaN,4.197587,8.955823,-0.399951,-0.059734,0.015159,0.085932,-0.003519,0.005153,-0.004909,0.560292,0.351620,-0.632189,-0.403452,92.950414,-25.131525,-97.928085
60582,NaN,4.228135,8.967424,-0.409759,-0.053711,-0.008366,0.109851,-0.004024,0.003501,-0.003487,0.560292,0.351612,-0.632193,-0.403452,92.950431,-25.132213,-97.928811
60583,NaN,4.201769,8.934306,-0.408716,-0.051762,0.001419,0.068661,-0.002685,0.005057,-0.002819,0.560293,0.351607,-0.632200,-0.403444,92.951128,-25.133343,-97.929193
60584,NaN,4.227553,8.967747,-0.408697,-0.054705,-0.007318,0.109846,-0.006425,0.003080,-0.004622,0.560295,0.351600,-0.632198,-0.403451,92.950121,-25.133381,-97.929554
60585,NaN,4.209572,8.945578,-0.427770,-0.033777,-0.002896,0.083054,-0.000888,0.004535,-0.005401,0.560286,0.351608,-0.632205,-0.403446,92.951950,-25.133018,-97.930183
60586,NaN,4.190996,8.978613,-0.387862,-0.071089,0.032562,0.103172,-0.001393,0.002883,-0.003979,0.560277,0.351607,-0.632218,-0.403440,92.953900,-25.133495,-97.931554
60587,NaN,4.226332,8.968374,-0.407559,-0.056201,-0.005730,0.109839,-0.003518,0.005153,-0.004911,0.560275,0.351607,-0.632219,-0.403440,92.954064,-25.133431,-97.931808
60588,NaN,4.222192,8.935858,-0.396748,-0.066739,-0.014633,0.078177,-0.002455,0.004018,-0.004445,0.560274,0.351613,-0.632222,-0.403432,92.955085,-25.133606,-97.931423
60589,NaN,4.207994,8.946390,-0.426318,-0.035759,-0.000793,0.083048,-0.002731,0.001327,-0.004648,0.560259,0.351607,-0.632236,-0.403436,92.956731,-25.133579,-97.934103
60590,NaN,4.212489,8.924708,-0.435709,-0.027316,-0.015060,0.065792,-0.002684,0.005056,-0.002820,0.560265,0.351609,-0.632238,-0.403422,92.957312,-25.134708,-97.933063
60591,NaN,4.221042,8.936455,-0.395540,-0.068223,-0.013065,0.078169,-0.004627,0.002557,-0.007205,0.560253,0.351608,-0.632240,-0.403437,92.957505,-25.133253,-97.934882
60592,NaN,4.229195,8.947542,-0.415193,-0.049747,-0.017898,0.092574,-0.001345,0.006612,-0.002151,0.560263,0.351616,-0.632241,-0.403414,92.958505,-25.134826,-97.932792
60593,NaN,4.206378,8.947226,-0.424724,-0.037734,0.001297,0.083040,-0.000429,0.002457,-0.008653,0.560240,0.351631,-0.632250,-0.403420,92.961111,-25.132540,-97.934626
60594,NaN,4.237229,8.959530,-0.375011,-0.091101,-0.015393,0.104943,-0.001621,0.003921,-0.002355,0.560241,0.351630,-0.632258,-0.403406,92.962346,-25.133828,-97.934645
60595,NaN,4.205575,8.947637,-0.424006,-0.038678,0.002322,0.083037,-0.004580,0.006286,-0.005378,0.560244,0.351630,-0.632253,-0.403410,92.961591,-25.133529,-97.934166
60596,NaN,4.236003,8.959321,-0.433768,-0.032700,-0.021165,0.106980,-0.001949,0.005669,-0.005869,0.560240,0.351637,-0.632253,-0.403407,92.962320,-25.133034,-97.933975
60597,NaN,4.204562,8.948160,-0.423023,-0.039648,0.003383,0.083033,-0.003287,0.004113,-0.006538,0.560232,0.351641,-0.632255,-0.403414,92.962873,-25.132007,-97.934832
60598,NaN,4.226439,8.948956,-0.412787,-0.052590,-0.014780,0.092564,-0.002454,0.004017,-0.004447,0.560229,0.351641,-0.632259,-0.403412,92.963451,-25.132127,-97.935189
60599,NaN,4.221219,8.971001,-0.402714,-0.062021,0.000542,0.109806,0.000452,0.006090,-0.004734,0.560224,0.351653,-0.632265,-0.403398,92.965640,-25.132191,-97.934855
60600,NaN,4.203314,8.948804,-0.421789,-0.041048,0.004949,0.083026,-0.006146,0.005768,-0.004424,0.560231,0.351644,-0.632260,-0.403404,92.964004,-25.132531,-97.934695
60601,NaN,4.207714,8.927185,-0.431073,-0.032618,-0.009328,0.065783,-0.001161,0.001843,-0.005606,0.560213,0.351646,-0.632274,-0.403405,92.966397,-25.131970,-97.937017
60602,NaN,4.247155,8.950358,-0.401349,-0.067124,-0.031323,0.102091,-0.002178,0.006707,-0.004245,0.560222,0.351663,-0.632269,-0.403385,92.967109,-25.132357,-97.934187
60603,NaN,4.205735,8.982211,-0.430792,-0.032551,0.015973,0.114678,-0.003010,0.006803,-0.006337,0.560222,0.351672,-0.632264,-0.403386,92.967101,-25.131525,-97.933350
60604,NaN,4.228645,8.928477,-0.419903,-0.046640,-0.026427,0.075315,-0.003285,0.004112,-0.006540,0.560218,0.351682,-0.632261,-0.403387,92.967444,-25.130461,-97.932988
60605,NaN,4.223332,8.950564,-0.409703,-0.056073,-0.011099,0.092550,-0.002452,0.004016,-0.004448,0.560212,0.351681,-0.632268,-0.403385,92.968530,-25.130627,-97.933974
60606,NaN,4.222890,8.950791,-0.409302,-0.056550,-0.010597,0.092548,-0.001947,0.005668,-0.005871,0.560215,0.351701,-0.632262,-0.403373,92.969276,-25.129931,-97.931659
60607,NaN,4.186105,8.960883,-0.448692,-0.013041,0.021891,0.087897,-0.001486,0.003591,-0.009122,0.560197,0.351716,-0.632264,-0.403382,92.970964,-25.127410,-97.932760
60608,NaN,4.244183,8.951888,-0.398673,-0.070044,-0.028227,0.102081,-0.004480,0.005575,-0.000242,0.560214,0.351708,-0.632264,-0.403365,92.970277,-25.129953,-97.931136
60609,NaN,4.229963,8.962446,-0.428106,-0.039064,-0.014397,0.106969,-0.002823,0.002034,-0.009793,0.560192,0.351719,-0.632267,-0.403383,92.971609,-25.127002,-97.933198
60610,NaN,4.229361,8.962754,-0.427611,-0.039548,-0.013861,0.106967,-0.005082,0.004631,-0.003960,0.560196,0.351713,-0.632266,-0.403383,92.970926,-25.127554,-97.933139
60611,NaN,4.206622,8.962407,-0.436770,-0.027518,0.005319,0.097428,-0.004576,0.006283,-0.005383,0.560199,0.351714,-0.632261,-0.403387,92.970174,-25.127252,-97.932660
60612,NaN,4.242358,8.952864,-0.396159,-0.071998,-0.026123,0.102072,-0.008774,0.006381,-0.003939,0.560219,0.351706,-0.632244,-0.403393,92.966769,-25.127763,-97.930617
60613,NaN,4.214741,8.974384,-0.395111,-0.068903,0.007870,0.109757,-0.009605,0.006476,-0.006033,0.560230,0.351695,-0.632227,-0.403414,92.963074,-25.127096,-97.929996
60614,NaN,4.224006,8.930962,-0.413705,-0.051493,-0.021270,0.075303,-0.006143,0.005765,-0.004429,0.560245,0.351700,-0.632213,-0.403410,92.961308,-25.127159,-97.927328
60615,NaN,4.227134,8.964020,-0.423077,-0.041983,-0.011283,0.106961,-0.008867,0.007089,-0.009082,0.560250,0.351702,-0.632190,-0.403436,92.957829,-25.124764,-97.926219
60616,NaN,4.218105,8.953386,-0.401832,-0.061398,-0.005412,0.092523,-0.008728,0.010108,-0.002113,0.560282,0.351691,-0.632169,-0.403434,92.953494,-25.126451,-97.922782
60617,NaN,4.204471,8.964449,-0.371055,-0.089783,0.015282,0.095305,-0.003742,0.006187,-0.003292,0.560287,0.351687,-0.632170,-0.403430,92.953274,-25.127343,-97.922432
60618,NaN,4.208704,8.942200,-0.439884,-0.021925,-0.005895,0.080195,-0.007709,0.005245,-0.003475,0.560299,0.351672,-0.632162,-0.403439,92.950687,-25.128075,-97.922211
60619,NaN,4.212360,8.975746,-0.389527,-0.071787,0.010970,0.109734,-0.005635,0.007416,-0.005853,0.560306,0.351673,-0.632151,-0.403445,92.949018,-25.127537,-97.921000
60620,NaN,4.199391,8.931720,-0.418097,-0.041866,0.000509,0.065752,-0.006371,0.006801,-0.002806,0.560323,0.351667,-0.632143,-0.403441,92.947119,-25.128784,-97.919307
60621,NaN,4.238467,8.954344,-0.447658,-0.017021,-0.028316,0.104176,-0.004066,0.007935,-0.006809,0.560327,0.351677,-0.632132,-0.403444,92.946196,-25.127715,-97.917738
60622,NaN,4.216095,8.954550,-0.396946,-0.064332,-0.002270,0.092506,-0.005034,0.008358,-0.002135,0.560349,0.351677,-0.632121,-0.403429,92.944569,-25.129341,-97.914647
60623,NaN,4.224320,8.965656,-0.416467,-0.045892,-0.007095,0.106947,-0.002216,0.002977,-0.006078,0.560336,0.351680,-0.632129,-0.403433,92.946047,-25.128544,-97.916234
60624,NaN,4.220317,8.933080,-0.405549,-0.056376,-0.016065,0.075286,-0.006602,0.007838,-0.001181,0.560364,0.351677,-0.632115,-0.403418,92.943649,-25.130614,-97.912547
60625,NaN,4.215207,8.955057,-0.394947,-0.065818,-0.000714,0.092496,-0.006413,0.003073,-0.004637,0.560361,0.351664,-0.632117,-0.403430,92.942716,-25.130644,-97.914121
60626,NaN,4.223476,8.966149,-0.414406,-0.047379,-0.005513,0.106941,-0.002404,0.007743,-0.002623,0.560371,0.351664,-0.632117,-0.403416,92.942872,-25.132113,-97.912842
60627,NaN,4.223179,8.966316,-0.413824,-0.047881,-0.004988,0.106939,-0.003233,0.007838,-0.004717,0.560378,0.351669,-0.632112,-0.403410,92.942481,-25.132238,-97.911401
60628,NaN,4.219016,8.933812,-0.402947,-0.058372,-0.013928,0.075278,-0.003001,0.006801,-0.006344,0.560380,0.351681,-0.632106,-0.403407,92.942457,-25.131509,-97.910002
60629,NaN,4.227187,8.944954,-0.422451,-0.039936,-0.018753,0.089728,-0.003739,0.006186,-0.003295,0.560385,0.351677,-0.632106,-0.403402,92.942239,-25.132398,-97.909652
60630,NaN,4.218282,8.934212,-0.401765,-0.059365,-0.012877,0.075273,-0.003233,0.007838,-0.004718,0.560394,0.351684,-0.632099,-0.403395,92.941801,-25.132553,-97.907780
60631,NaN,4.221568,8.967173,-0.411676,-0.049875,-0.002867,0.106930,0.000184,0.003401,-0.004940,0.560380,0.351691,-0.632113,-0.403387,92.944556,-25.132420,-97.909137
60632,NaN,4.190176,8.955914,-0.401112,-0.056740,0.021649,0.082926,-0.003000,0.006800,-0.006345,0.560384,0.351705,-0.632105,-0.403382,92.944446,-25.131640,-97.907287
60633,NaN,4.220527,8.967702,-0.410823,-0.050861,-0.001811,0.106925,-0.003274,0.004110,-0.006548,0.560375,0.351708,-0.632106,-0.403389,92.945007,-25.130608,-97.908142
60634,NaN,4.224926,8.946130,-0.420159,-0.042395,-0.016124,0.089722,-0.000328,0.009914,-0.005002,0.560385,0.351729,-0.632098,-0.403369,92.945573,-25.130651,-97.904835
60635,NaN,4.233051,8.957295,-0.439802,-0.023965,-0.020948,0.104180,-0.001938,0.005667,-0.005877,0.560381,0.351737,-0.632099,-0.403367,92.946491,-25.130049,-97.904728
60636,NaN,4.201759,8.945990,-0.429083,-0.030785,0.003556,0.080172,-0.003738,0.006184,-0.003297,0.560388,0.351732,-0.632098,-0.403363,92.945923,-25.130973,-97.904214
60637,NaN,4.227759,8.980029,-0.369037,-0.093223,0.001844,0.119199,-0.004799,0.007317,-0.003766,0.560397,0.351729,-0.632093,-0.403360,92.944788,-25.131627,-97.903133
60638,NaN,4.214813,8.936022,-0.397910,-0.063246,-0.008650,0.075254,-0.001937,0.005666,-0.005878,0.560390,0.351730,-0.632097,-0.403363,92.945559,-25.131232,-97.904063
60639,NaN,4.245315,8.947755,-0.407542,-0.057381,-0.032104,0.099264,-0.004799,0.007317,-0.003767,0.560400,0.351727,-0.632092,-0.403360,92.944424,-25.131886,-97.902982
60640,NaN,4.222567,8.947403,-0.416759,-0.045255,-0.012971,0.089714,-0.002997,0.006799,-0.006347,0.560404,0.351740,-0.632082,-0.403358,92.943987,-25.130982,-97.901133
60641,NaN,4.208679,8.958503,-0.386320,-0.073628,0.007747,0.092438,-0.003737,0.006184,-0.003299,0.560410,0.351736,-0.632083,-0.403353,92.943770,-25.131870,-97.900784
60642,NaN,4.221866,8.947787,-0.415603,-0.046268,-0.011900,0.089711,-0.001894,0.009393,-0.004050,0.560422,0.351748,-0.632076,-0.403336,92.943828,-25.132550,-97.897976
60643,NaN,4.240148,8.915810,-0.394869,-0.069311,-0.039505,0.067600,-0.003229,0.007836,-0.004723,0.560429,0.351754,-0.632071,-0.403330,92.943440,-25.132672,-97.896535
60644,NaN,4.231120,8.905101,-0.374328,-0.088717,-0.033633,0.053129,0.001244,0.010433,-0.005958,0.560435,0.351783,-0.632063,-0.403308,92.944794,-25.132192,-97.892963
60645,NaN,4.252814,8.905999,-0.364143,-0.101785,-0.051735,0.062677,0.001986,0.011048,-0.009008,0.560434,0.351823,-0.632052,-0.403292,92.946472,-25.129956,-97.889353
60646,NaN,4.216228,8.916657,-0.344070,-0.117609,-0.012329,0.055836,0.005677,0.009302,-0.009024,0.560420,0.351865,-0.632056,-0.403268,92.950919,-25.127967,-97.887440
60647,NaN,4.193291,8.916351,-0.354115,-0.105539,0.006818,0.046279,0.005997,0.007554,-0.005505,0.560408,0.351899,-0.632069,-0.403236,92.955882,-25.127633,-97.886152
60648,NaN,4.187413,8.937966,-0.404541,-0.055605,0.015265,0.065673,0.007993,0.002273,-0.011540,0.560367,0.351950,-0.632086,-0.403220,92.963165,-25.123685,-97.887033
60649,NaN,4.159374,8.959542,-0.405114,-0.052483,0.049265,0.073299,0.004114,0.000618,-0.006583,0.560335,0.351968,-0.632112,-0.403209,92.968895,-25.122528,-97.890093
60650,NaN,4.203033,8.959866,-0.505710,0.040598,-0.001302,0.096843,0.010988,-0.004524,-0.005189,0.560279,0.351992,-0.632167,-0.403179,92.979908,-25.122083,-97.895854
60651,NaN,4.214942,9.004310,-0.477426,0.009621,0.010318,0.140758,0.008044,-0.010328,-0.006736,0.560204,0.351999,-0.632232,-0.403176,92.990825,-25.120511,-97.905826
60652,NaN,4.241548,8.983335,-0.478363,0.005521,-0.022627,0.133132,0.005415,-0.009716,-0.006252,0.560139,0.351998,-0.632290,-0.403178,92.999909,-25.119315,-97.915264
60653,NaN,4.217680,9.038062,-0.429851,-0.040751,0.027827,0.170184,0.008359,-0.003912,-0.004707,0.560088,0.352012,-0.632340,-0.403156,93.009312,-25.119095,-97.921248
60654,NaN,4.199875,9.015816,-0.449685,-0.019744,0.032125,0.143450,-0.005347,0.001933,-0.004176,0.560084,0.352002,-0.632346,-0.403161,93.009427,-25.119435,-97.922700
60655,NaN,4.267449,8.962714,-0.479057,0.000365,-0.054518,0.125516,-0.000086,0.000709,-0.005146,0.560062,0.352004,-0.632366,-0.403159,93.012746,-25.119101,-97.925749
60656,NaN,4.241207,8.929502,-0.478165,0.002445,-0.044875,0.084305,-0.006602,0.007830,-0.001191,0.560085,0.351995,-0.632358,-0.403147,93.010732,-25.121358,-97.923364
60657,NaN,4.228488,8.885409,-0.506970,0.032429,-0.055471,0.040408,-0.000599,0.007220,-0.005211,0.560084,0.352008,-0.632359,-0.403136,93.012009,-25.121184,-97.922296
60658,NaN,4.250482,8.886213,-0.496369,0.019374,-0.073572,0.049968,-0.007155,0.010614,-0.003086,0.560115,0.352010,-0.632336,-0.403127,93.008485,-25.122315,-97.917782
60659,NaN,4.250226,8.887041,-0.435594,-0.040483,-0.066108,0.047721,-0.004609,0.010711,-0.008718,0.560125,0.352030,-0.632313,-0.403132,93.006480,-25.120239,-97.914391
60660,NaN,4.244435,8.909303,-0.425080,-0.049945,-0.050658,0.064891,-0.003078,0.007504,-0.011501,0.560111,0.352044,-0.632304,-0.403154,93.006251,-25.116805,-97.914926
60661,NaN,4.243773,8.910296,-0.364511,-0.109800,-0.043185,0.062632,-0.007785,0.005942,-0.008639,0.560112,0.352045,-0.632288,-0.403177,93.003706,-25.114631,-97.914552
60662,NaN,4.215755,8.931889,-0.363910,-0.106710,-0.009122,0.070237,-0.004367,0.001509,-0.008856,0.560088,0.352042,-0.632296,-0.403200,93.004611,-25.112488,-97.918050
60663,NaN,4.177711,8.997165,-0.343909,-0.121486,0.054632,0.112169,-0.006527,0.000046,-0.011626,0.560062,0.352044,-0.632293,-0.403238,93.004326,-25.108428,-97.921303
60664,NaN,4.185217,9.008639,-0.363354,-0.103080,0.049849,0.126655,-0.007860,-0.001513,-0.012299,0.560031,0.352036,-0.632294,-0.403287,93.003701,-25.104126,-97.926268
60665,NaN,4.197682,8.997671,-0.452495,-0.016371,0.023195,0.126255,-0.003539,0.001414,-0.006761,0.560013,0.352034,-0.632302,-0.403300,93.004830,-25.102890,-97.928817
60666,NaN,4.182261,9.062783,-0.482397,0.015593,0.061434,0.180011,-0.007421,-0.000242,-0.001802,0.560007,0.352000,-0.632319,-0.403313,93.004416,-25.104680,-97.932920
60667,NaN,4.178561,9.030078,-0.471553,0.005144,0.052426,0.148350,-0.003419,0.004432,0.000216,0.560013,0.351982,-0.632331,-0.403300,93.004903,-25.107527,-97.933794
60668,NaN,4.165257,9.040856,-0.441170,-0.023202,0.073172,0.151006,-0.002555,0.008064,0.004142,0.560042,0.351968,-0.632338,-0.403262,93.004875,-25.112722,-97.931323
60669,NaN,4.184320,9.008560,-0.420378,-0.046241,0.045559,0.128901,-0.003615,0.009195,0.003672,0.560070,0.351949,-0.632343,-0.403232,93.004021,-25.117689,-97.929301
60670,NaN,4.189755,8.986555,-0.429487,-0.037774,0.031231,0.111741,-0.004632,0.005890,0.006519,0.560095,0.351906,-0.632362,-0.403205,93.003466,-25.124358,-97.930064
60671,NaN,4.182051,8.975806,-0.349210,-0.116523,0.044072,0.094940,-0.000114,0.004053,0.008603,0.560111,0.351871,-0.632397,-0.403159,93.006066,-25.131993,-97.931455
60672,NaN,4.182940,8.975401,-0.348982,-0.116987,0.044593,0.094932,-0.002192,0.001880,0.010980,0.560133,0.351822,-0.632434,-0.403113,93.007859,-25.140927,-97.933269
60673,NaN,4.228469,8.975618,-0.388555,-0.083337,0.000947,0.116345,-0.005056,0.003527,0.013089,0.560165,0.351757,-0.632468,-0.403071,93.007833,-25.151112,-97.935142
60674,NaN,4.207295,8.974493,-0.398067,-0.071271,0.020139,0.106780,-0.002973,-0.002463,0.012200,0.560169,0.351681,-0.632528,-0.403039,93.010867,-25.160965,-97.942154
60675,NaN,4.204463,8.940762,-0.447278,-0.022360,0.004137,0.077423,-0.006428,-0.001757,0.010586,0.560182,0.351610,-0.632570,-0.403017,93.011442,-25.169559,-97.947285
60676,NaN,4.241232,8.930103,-0.466579,-0.007613,-0.034158,0.084346,-0.010392,-0.002703,0.010395,0.560202,0.351531,-0.632603,-0.403005,93.010010,-25.178084,-97.952044
60677,NaN,4.233285,8.918302,-0.505430,0.032341,-0.035277,0.072149,-0.010943,0.000081,0.008500,0.560224,0.351457,-0.632627,-0.403001,93.007475,-25.185541,-97.955945
60678,NaN,4.278533,8.919248,-0.484684,0.006611,-0.071895,0.091278,-0.010200,0.000697,0.005450,0.560239,0.351392,-0.632649,-0.403002,93.005301,-25.191533,-97.959957
60679,NaN,4.270407,8.907567,-0.523067,0.046564,-0.073019,0.079089,-0.014868,0.011023,0.008651,0.560304,0.351329,-0.632634,-0.402990,92.997574,-25.199404,-97.956943
60680,NaN,4.279780,8.918818,-0.481584,0.005631,-0.070795,0.091287,-0.012046,0.013813,0.003225,0.560357,0.351286,-0.632614,-0.402987,92.990498,-25.204599,-97.953593
60681,NaN,4.262754,8.896877,-0.440066,-0.032650,-0.059585,0.062258,-0.005769,0.015896,-0.000586,0.560402,0.351287,-0.632588,-0.402964,92.986541,-25.207331,-97.947190
60682,NaN,4.244183,8.929652,-0.398741,-0.069938,-0.023892,0.082023,-0.015306,0.017921,-0.003336,0.560463,0.351269,-0.632535,-0.402978,92.976423,-25.208736,-97.940130
60683,NaN,4.235394,8.918856,-0.376674,-0.089326,-0.018023,0.067502,-0.012909,0.018344,-0.002193,0.560525,0.351260,-0.632485,-0.402977,92.967692,-25.210619,-97.932125
60684,NaN,4.235269,8.919493,-0.315283,-0.149089,-0.010478,0.065163,-0.007691,0.013397,-0.004986,0.560553,0.351253,-0.632458,-0.402987,92.962730,-25.210901,-97.928765
60685,NaN,4.216307,8.951887,-0.334174,-0.127050,0.018192,0.087248,-0.008200,0.011744,-0.003565,0.560583,0.351249,-0.632433,-0.402987,92.958456,-25.211802,-97.924889
60686,NaN,4.234556,8.919909,-0.313091,-0.150056,-0.009393,0.065149,-0.004552,0.006277,-0.005404,0.560585,0.351244,-0.632430,-0.402994,92.957527,-25.211685,-97.925139
60687,NaN,4.232639,8.974327,-0.372646,-0.090252,0.008588,0.116281,-0.004317,0.005241,-0.007031,0.560581,0.351248,-0.632426,-0.403003,92.957181,-25.210411,-97.925262
60688,NaN,4.237035,8.952819,-0.381666,-0.081785,-0.005704,0.099143,-0.008515,0.005330,-0.005599,0.560580,0.351219,-0.632425,-0.403031,92.954441,-25.210443,-97.927992
60689,NaN,4.250059,8.942286,-0.410834,-0.054446,-0.025431,0.096533,-0.003532,0.001421,-0.006763,0.560563,0.351217,-0.632433,-0.403044,92.955578,-25.209209,-97.930541
60690,NaN,4.218453,8.931058,-0.400353,-0.061165,-0.000927,0.072437,-0.001178,0.006284,-0.008934,0.560547,0.351225,-0.632435,-0.403055,92.956510,-25.207217,-97.931886
60691,NaN,4.226268,8.942439,-0.419984,-0.042787,-0.005748,0.086963,-0.002512,0.004727,-0.009610,0.560533,0.351242,-0.632431,-0.403067,92.957301,-25.204453,-97.932251
60692,NaN,4.252674,8.921661,-0.419341,-0.046902,-0.038688,0.079401,-0.003296,0.008547,-0.009878,0.560531,0.351258,-0.632417,-0.403079,92.956304,-25.201827,-97.931041
60693,NaN,4.255496,8.954875,-0.428888,-0.037489,-0.028597,0.111059,-0.003295,0.008546,-0.009879,0.560529,0.351281,-0.632400,-0.403087,92.955614,-25.199021,-97.928982
60694,NaN,4.232400,8.954689,-0.438140,-0.025274,-0.009516,0.101490,-0.001685,0.012792,-0.009001,0.560546,0.351317,-0.632371,-0.403078,92.954126,-25.196806,-97.923216
60695,NaN,4.200749,8.943479,-0.427426,-0.032022,0.014927,0.077386,-0.000625,0.011660,-0.008530,0.560552,0.351349,-0.632353,-0.403069,92.954146,-25.194864,-97.919232
60696,NaN,4.231015,8.955859,-0.377098,-0.085638,-0.001362,0.099112,-0.001684,0.012791,-0.009003,0.560559,0.351374,-0.632335,-0.403065,92.953435,-25.193066,-97.915911
60697,NaN,4.190715,8.933200,-0.406385,-0.051915,0.021389,0.062845,0.002553,0.008266,-0.007116,0.560552,0.351404,-0.632336,-0.403047,92.956210,-25.191833,-97.914120
60698,NaN,4.229589,8.956564,-0.376347,-0.086617,-0.000260,0.099104,-0.003565,0.005856,-0.010086,0.560540,0.351412,-0.632330,-0.403067,92.955976,-25.189120,-97.915002
60699,NaN,4.215134,8.967336,-0.405980,-0.055614,0.013489,0.104066,0.000946,0.004020,-0.007995,0.560520,0.351432,-0.632338,-0.403064,92.958960,-25.187259,-97.915867
60700,NaN,4.214400,8.967686,-0.405869,-0.056132,0.014096,0.104063,-0.000388,0.002462,-0.008670,0.560491,0.351435,-0.632355,-0.403076,92.961765,-25.185410,-97.919659
60701,NaN,4.227318,8.957220,-0.435452,-0.028803,-0.005649,0.101483,-0.003527,0.001418,-0.006768,0.560474,0.351433,-0.632363,-0.403089,92.962904,-25.184173,-97.922209
60702,NaN,4.204462,8.956893,-0.445044,-0.016670,0.013499,0.091909,-0.002193,0.002975,-0.006093,0.560458,0.351428,-0.632376,-0.403096,92.964469,-25.183695,-97.925004
60703,NaN,4.234882,8.968742,-0.454942,-0.010944,-0.009889,0.116024,-0.000075,0.000713,-0.005149,0.560436,0.351429,-0.632396,-0.403094,92.967798,-25.183364,-97.928053
60704,NaN,4.261676,8.947797,-0.454714,-0.015078,-0.042833,0.108484,-0.001134,0.001844,-0.005621,0.560418,0.351427,-0.632411,-0.403098,92.969930,-25.182965,-97.930726
60705,NaN,4.252631,8.937027,-0.434165,-0.034447,-0.036963,0.093940,-0.005843,0.008438,-0.004258,0.560432,0.351424,-0.632399,-0.403098,92.967889,-25.183373,-97.928921
60706,NaN,4.207710,8.936414,-0.393834,-0.068966,0.007788,0.072383,0.003102,0.005482,-0.005222,0.560415,0.351434,-0.632417,-0.403085,92.971594,-25.183396,-97.930523
60707,NaN,4.210912,8.969414,-0.403875,-0.059567,0.017898,0.104036,-0.000585,0.007221,-0.005216,0.560415,0.351447,-0.632418,-0.403074,92.972879,-25.183220,-97.929455
60708,NaN,4.224173,8.959239,-0.373496,-0.091528,0.005238,0.099058,-0.002155,0.006698,-0.004265,0.560415,0.351443,-0.632421,-0.403072,92.973137,-25.183755,-97.929819
60709,NaN,4.196547,8.980164,-0.433004,-0.029012,0.032186,0.109004,-0.002940,0.002357,-0.003045,0.560407,0.351433,-0.632435,-0.403070,92.974412,-25.184678,-97.931898
60710,NaN,4.214912,8.948148,-0.412428,-0.052023,0.004597,0.086919,-0.003998,0.003487,-0.003517,0.560402,0.351416,-0.632445,-0.403076,92.974569,-25.185576,-97.934139
60711,NaN,4.209678,8.970063,-0.402314,-0.061487,0.020060,0.104021,-0.000822,0.000095,-0.002099,0.560385,0.351405,-0.632470,-0.403069,92.977679,-25.186972,-97.937680
60712,NaN,4.197114,8.926004,-0.431663,-0.031396,0.009298,0.060234,-0.004272,0.000799,-0.003721,0.560371,0.351383,-0.632488,-0.403080,92.978548,-25.187675,-97.941663
60713,NaN,4.236397,8.948768,-0.461378,-0.006834,-0.019428,0.098920,-0.001607,0.003914,-0.002369,0.560367,0.351378,-0.632501,-0.403070,92.980177,-25.189030,-97.942780
60714,NaN,4.227506,8.937908,-0.441003,-0.026168,-0.013516,0.084364,-0.004272,0.000799,-0.003721,0.560352,0.351354,-0.632519,-0.403083,92.980980,-25.189770,-97.947156
60715,NaN,4.235874,8.949053,-0.460653,-0.007815,-0.018341,0.098921,-0.001606,0.003914,-0.002369,0.560349,0.351348,-0.632532,-0.403072,92.982609,-25.191125,-97.948274
60716,NaN,4.227012,8.938181,-0.440189,-0.027128,-0.012448,0.084362,-0.003724,0.006175,-0.003315,0.560352,0.351337,-0.632535,-0.403073,92.982148,-25.192164,-97.948936
60717,NaN,4.213116,8.949117,-0.409759,-0.055447,0.008369,0.086898,-0.003724,0.006175,-0.003315,0.560357,0.351333,-0.632536,-0.403068,92.981942,-25.193045,-97.948593
60718,NaN,4.243779,8.960887,-0.419292,-0.049717,-0.014958,0.111035,-0.002665,0.005044,-0.002842,0.560353,0.351316,-0.632548,-0.403069,92.982446,-25.194438,-97.950779
60719,NaN,4.248506,8.939260,-0.428522,-0.041255,-0.029381,0.093939,-0.004782,0.007305,-0.003789,0.560363,0.351313,-0.632543,-0.403067,92.981323,-25.195082,-97.949705
60720,NaN,4.234629,8.950194,-0.397760,-0.069568,-0.008493,0.096468,-0.008980,0.007389,-0.002361,0.560377,0.351280,-0.632539,-0.403082,92.977815,-25.196909,-97.950730
60721,NaN,4.212008,8.949761,-0.407071,-0.057406,0.010577,0.086885,-0.001130,0.001844,-0.005623,0.560359,0.351282,-0.632553,-0.403083,92.980229,-25.196340,-97.953049
60722,NaN,4.238804,8.928859,-0.406358,-0.061584,-0.022367,0.079371,-0.008504,0.005319,-0.005615,0.560366,0.351269,-0.632543,-0.403101,92.977363,-25.196057,-97.953288
60723,NaN,4.219726,8.961272,-0.425606,-0.039537,0.006306,0.101446,-0.006113,0.005747,-0.004466,0.560372,0.351261,-0.632538,-0.403108,92.975887,-25.196267,-97.953178
60724,NaN,4.224338,8.939720,-0.434576,-0.031034,-0.008072,0.084355,-0.007171,0.006877,-0.004940,0.560376,0.351240,-0.632533,-0.403126,92.973289,-25.196569,-97.954411
60725,NaN,4.232623,8.950948,-0.453659,-0.012689,-0.012897,0.098924,-0.007682,0.005223,-0.003517,0.560385,0.351224,-0.632528,-0.403136,92.971069,-25.197307,-97.954663
60726,NaN,4.232206,8.951553,-0.392925,-0.072477,-0.005203,0.096449,-0.006659,0.008530,-0.006364,0.560391,0.351212,-0.632518,-0.403155,92.968298,-25.196833,-97.954843
60727,NaN,4.214628,8.929346,-0.411674,-0.051341,-0.001100,0.069779,-0.007372,0.011633,-0.001484,0.560424,0.351203,-0.632499,-0.403147,92.964558,-25.198924,-97.951109
60728,NaN,4.236540,8.930187,-0.400756,-0.064482,-0.019076,0.079360,-0.005361,0.006365,-0.007519,0.560421,0.351199,-0.632492,-0.403164,92.963123,-25.197632,-97.951756
60729,NaN,4.208744,8.951955,-0.340232,-0.120597,0.022074,0.084371,-0.005563,0.011121,-0.004062,0.560443,0.351202,-0.632474,-0.403158,92.960521,-25.198233,-97.948261
60730,NaN,4.222028,8.941412,-0.369317,-0.093196,0.002294,0.081860,-0.003482,0.005139,-0.004945,0.560440,0.351193,-0.632477,-0.403167,92.960114,-25.198256,-97.949607
60731,NaN,4.221619,8.941629,-0.368744,-0.093697,0.002821,0.081855,-0.003208,0.007827,-0.004742,0.560447,0.351198,-0.632471,-0.403162,92.959739,-25.198370,-97.948173
60732,NaN,4.221168,8.941863,-0.368231,-0.094206,0.003430,0.081850,-0.001911,0.005663,-0.005896,0.560435,0.351192,-0.632481,-0.403167,92.960803,-25.198213,-97.950350
60733,NaN,4.201978,8.974306,-0.387926,-0.072154,0.032105,0.103917,-0.003242,0.004104,-0.006573,0.560426,0.351196,-0.632483,-0.403173,92.961385,-25.197170,-97.951210
60734,NaN,4.242505,8.942649,-0.417133,-0.048523,-0.021162,0.093927,-0.003993,0.003485,-0.003523,0.560422,0.351180,-0.632492,-0.403179,92.961476,-25.198033,-97.953359
60735,NaN,4.219920,8.942176,-0.426895,-0.036341,-0.002109,0.084340,0.002595,0.003831,-0.003797,0.560407,0.351191,-0.632512,-0.403160,92.965514,-25.198570,-97.954483
60736,NaN,4.241648,8.943067,-0.416881,-0.049520,-0.020044,0.093925,-0.000375,0.002464,-0.008677,0.560379,0.351193,-0.632527,-0.403173,92.968165,-25.196659,-97.958168
60737,NaN,4.215227,8.909900,-0.416389,-0.047203,-0.010616,0.052681,-0.003993,0.003484,-0.003524,0.560376,0.351184,-0.632534,-0.403174,92.968526,-25.197342,-97.959521
60738,NaN,4.249320,8.954604,-0.435949,-0.031663,-0.024299,0.108508,-0.004026,0.007921,-0.006845,0.560376,0.351183,-0.632528,-0.403184,92.967482,-25.196533,-97.959530
60739,NaN,4.226340,8.954332,-0.445372,-0.019477,-0.005251,0.098920,-0.002489,0.004723,-0.009626,0.560362,0.351200,-0.632524,-0.403195,92.968286,-25.193761,-97.959899
60740,NaN,4.234257,8.966041,-0.405143,-0.060447,-0.002873,0.110987,-0.001909,0.005662,-0.005898,0.560354,0.351201,-0.632529,-0.403197,92.969139,-25.193425,-97.960839
60741,NaN,4.225044,8.955292,-0.384732,-0.079779,0.003005,0.096394,-0.001396,0.007315,-0.007322,0.560351,0.351218,-0.632525,-0.403193,92.969904,-25.192049,-97.959645
60742,NaN,4.202198,8.954950,-0.394141,-0.067577,0.022106,0.086802,-0.005868,0.004708,-0.006101,0.560346,0.351204,-0.632526,-0.403211,92.968818,-25.191608,-97.961640
60743,NaN,4.210193,8.966318,-0.413581,-0.049249,0.017280,0.101389,-0.001156,0.006281,-0.008950,0.560335,0.351226,-0.632521,-0.403214,92.969976,-25.189270,-97.961046
60744,NaN,4.214464,8.944926,-0.423169,-0.040773,0.002887,0.084323,-0.000371,0.002464,-0.008679,0.560307,0.351228,-0.632537,-0.403227,92.972607,-25.187346,-97.964773
60745,NaN,4.236175,8.945856,-0.412671,-0.053972,-0.015104,0.093910,-0.005834,0.008429,-0.004272,0.560321,0.351226,-0.632525,-0.403228,92.970573,-25.187749,-97.962975
60746,NaN,4.213637,8.945368,-0.422070,-0.041729,0.003994,0.084319,-0.001603,0.003912,-0.002373,0.560310,0.351203,-0.632546,-0.403230,92.971966,-25.189460,-97.966758
60747,NaN,4.221842,8.956638,-0.441655,-0.023406,-0.000834,0.098913,-0.002725,0.005756,-0.008002,0.560303,0.351216,-0.632542,-0.403236,92.972380,-25.187649,-97.966528
60748,NaN,4.221142,8.957277,-0.381334,-0.083172,0.006907,0.096364,-0.002965,0.006790,-0.006375,0.560300,0.351216,-0.632540,-0.403242,92.972112,-25.187023,-97.966907
60749,NaN,4.212170,8.946129,-0.420582,-0.043180,0.005601,0.084312,-0.003718,0.006170,-0.003324,0.560305,0.351212,-0.632541,-0.403237,92.971911,-25.187901,-97.966569
60750,NaN,4.228970,8.968750,-0.400371,-0.065316,0.002666,0.110956,0.000722,0.005056,-0.006375,0.560287,0.351214,-0.632555,-0.403238,92.974329,-25.187353,-97.968885
60751,NaN,4.233729,8.947148,-0.409750,-0.056851,-0.011801,0.093899,-0.005528,0.006679,-0.000748,0.560302,0.351198,-0.632555,-0.403231,92.972990,-25.189720,-97.968310
60752,NaN,4.206187,8.968400,-0.409168,-0.053608,0.022289,0.101356,-0.006378,0.003052,-0.004681,0.560296,0.351176,-0.632562,-0.403248,92.972116,-25.190079,-97.971248
60753,NaN,4.224431,8.936462,-0.388506,-0.076669,-0.005334,0.079290,-0.000575,0.007219,-0.005222,0.560295,0.351189,-0.632563,-0.403237,92.973406,-25.189902,-97.970185
60754,NaN,4.222554,8.991244,-0.388422,-0.076275,0.019868,0.127992,-0.002419,0.004007,-0.004477,0.560288,0.351184,-0.632572,-0.403236,92.974467,-25.190259,-97.971669
60755,NaN,4.218628,8.958351,-0.437607,-0.027314,0.003549,0.098903,-0.004807,0.003577,-0.005631,0.560282,0.351179,-0.632574,-0.403246,92.974308,-25.189740,-97.972896
60756,NaN,4.218252,8.958551,-0.437136,-0.027838,0.004157,0.098901,-0.002932,0.002353,-0.003053,0.560268,0.351157,-0.632596,-0.403250,92.975809,-25.191117,-97.976965
60757,NaN,4.231494,8.948338,-0.406841,-0.059868,-0.008466,0.093884,-0.000848,0.004531,-0.005426,0.560259,0.351164,-0.632603,-0.403245,92.977664,-25.190743,-97.977595
60758,NaN,4.234563,8.981413,-0.416604,-0.050547,0.001777,0.125537,-0.003235,0.004101,-0.006580,0.560247,0.351161,-0.632610,-0.403254,92.978447,-25.190060,-97.979546
60759,NaN,4.216895,8.959505,-0.375938,-0.088673,0.013012,0.096310,-0.007915,0.006247,-0.001903,0.560263,0.351141,-0.632605,-0.403258,92.975840,-25.191754,-97.979207
60760,NaN,4.230504,8.948898,-0.404812,-0.061405,-0.006746,0.093876,-0.006585,0.007805,-0.001225,0.560278,0.351115,-0.632605,-0.403258,92.973719,-25.194289,-97.979531
60761,NaN,4.216492,8.959757,-0.374443,-0.089684,0.014141,0.096300,-0.001119,0.001844,-0.005630,0.560260,0.351117,-0.632619,-0.403259,92.976139,-25.193720,-97.981854
60762,NaN,4.180274,8.969692,-0.414034,-0.045880,0.046327,0.091718,-0.005559,0.002956,-0.002581,0.560259,0.351093,-0.632628,-0.403268,92.975450,-25.195079,-97.984260
60763,NaN,4.243222,8.938984,-0.373189,-0.094389,-0.018289,0.088848,-0.006616,0.004084,-0.003057,0.560263,0.351077,-0.632629,-0.403275,92.974154,-25.196048,-97.985251
60764,NaN,4.234380,8.927813,-0.412361,-0.054334,-0.019609,0.076828,-0.005318,0.001922,-0.004209,0.560254,0.351054,-0.632640,-0.403292,92.973828,-25.196478,-97.988714
60765,NaN,4.251307,8.950152,-0.451669,-0.017224,-0.029793,0.106065,-0.006375,0.003051,-0.004685,0.560251,0.351040,-0.632642,-0.403304,92.972926,-25.196485,-97.990305
60766,NaN,4.247121,8.917646,-0.441066,-0.027499,-0.038879,0.074411,-0.001421,0.003594,-0.009158,0.560225,0.351038,-0.632651,-0.403326,92.974283,-25.194273,-97.993973
60767,NaN,4.233013,8.928335,-0.470279,0.003532,-0.025220,0.079435,-0.010028,0.008502,-0.002857,0.560250,0.351020,-0.632634,-0.403336,92.969845,-25.195489,-97.992178
60768,NaN,4.218802,8.939283,-0.439718,-0.024705,-0.004277,0.081846,-0.000090,0.005153,-0.008479,0.560230,0.351028,-0.632641,-0.403344,92.971745,-25.193684,-97.994110
60769,NaN,4.218397,8.939502,-0.439146,-0.025206,-0.003753,0.081845,-0.006584,0.007803,-0.001227,0.560250,0.351013,-0.632635,-0.403339,92.969492,-25.195811,-97.992809
60770,NaN,4.240331,8.940355,-0.428236,-0.038387,-0.021689,0.091443,-0.006916,0.005832,-0.006587,0.560251,0.351001,-0.632628,-0.403360,92.967188,-25.195005,-97.993696
60771,NaN,4.203818,8.950659,-0.407554,-0.053922,0.017700,0.084245,-0.005314,0.010078,-0.005704,0.560266,0.351009,-0.632610,-0.403360,92.964987,-25.194638,-97.990810
60772,NaN,4.198267,8.972661,-0.396911,-0.063362,0.033309,0.101268,-0.004529,0.006262,-0.005432,0.560263,0.350995,-0.632612,-0.403373,92.964147,-25.194672,-97.992525
60773,NaN,4.220075,8.973556,-0.386289,-0.076600,0.015353,0.110864,-0.003472,0.005134,-0.004956,0.560261,0.350995,-0.632614,-0.403373,92.964343,-25.194587,-97.992791
60774,NaN,4.211203,8.962599,-0.365865,-0.095869,0.021293,0.096229,-0.003685,0.001730,-0.000004,0.560254,0.350959,-0.632639,-0.403375,92.965269,-25.197563,-97.997174
60775,NaN,4.211252,8.962416,-0.425239,-0.037068,0.014561,0.098861,-0.002656,0.005039,-0.002853,0.560255,0.350955,-0.632646,-0.403367,92.965987,-25.198679,-97.997569
60776,NaN,4.260575,8.942142,-0.414570,-0.054060,-0.036876,0.101040,-0.003985,0.003480,-0.003533,0.560252,0.350942,-0.632654,-0.403369,92.966229,-25.199519,-97.999181
60777,NaN,4.256649,8.909514,-0.403874,-0.064388,-0.046023,0.069385,-0.006371,0.003049,-0.004689,0.560249,0.350929,-0.632655,-0.403382,92.965329,-25.199525,-98.000774
60778,NaN,4.229009,8.930770,-0.403335,-0.061100,-0.011964,0.076801,-0.005284,0.005640,-0.002381,0.560258,0.350917,-0.632656,-0.403379,92.964319,-25.201082,-98.000619
60779,NaN,4.237402,8.942008,-0.422697,-0.042808,-0.016795,0.091435,-0.002141,0.006693,-0.004277,0.560260,0.350921,-0.632657,-0.403371,92.964867,-25.201432,-97.999921
60780,NaN,4.238521,8.887658,-0.421899,-0.044132,-0.040912,0.042763,-0.004527,0.006262,-0.005434,0.560256,0.350905,-0.632660,-0.403386,92.964014,-25.201514,-98.002031
60781,NaN,4.232870,8.909688,-0.411529,-0.053602,-0.025354,0.059778,-0.001657,0.004627,-0.007534,0.560244,0.350917,-0.632662,-0.403389,92.965351,-25.199940,-98.002533
60782,NaN,4.204895,8.931233,-0.351500,-0.109635,0.016052,0.064526,-0.002655,0.005038,-0.002854,0.560238,0.350898,-0.632678,-0.403388,92.966251,-25.201558,-98.005205
60783,NaN,4.221557,8.953731,-0.391104,-0.072558,0.005864,0.093801,-0.000929,0.001529,-0.012418,0.560205,0.350922,-0.632681,-0.403408,92.968770,-25.197096,-98.007507
60784,NaN,4.184754,8.964097,-0.371117,-0.088057,0.045349,0.086561,-0.000842,0.004532,-0.005430,0.560188,0.350912,-0.632699,-0.403414,92.970686,-25.197226,-98.010898
60785,NaN,4.215276,8.975891,-0.440775,-0.023229,0.014761,0.113475,0.001757,0.000211,-0.007733,0.560156,0.350925,-0.632720,-0.403414,92.975164,-25.195406,-98.014187
60786,NaN,4.219695,8.954615,-0.390977,-0.074031,0.007589,0.093789,0.000485,-0.002065,-0.003256,0.560124,0.350906,-0.632757,-0.403417,92.979479,-25.196394,-98.020588
60787,NaN,4.210923,8.943433,-0.430757,-0.034020,0.006180,0.081817,-0.003199,-0.000337,-0.003262,0.560108,0.350890,-0.632777,-0.403421,92.981328,-25.197116,-98.024370
60788,NaN,4.236467,8.977068,-0.430562,-0.037471,-0.002026,0.123075,-0.001871,0.001223,-0.002582,0.560095,0.350876,-0.632799,-0.403417,92.983600,-25.198540,-98.027590
60789,NaN,4.227554,8.966101,-0.410522,-0.056755,0.003860,0.108425,0.000757,0.000622,-0.003053,0.560075,0.350872,-0.632825,-0.403407,92.987461,-25.199410,-98.030773
60790,NaN,4.237523,8.922743,-0.430164,-0.039286,-0.025651,0.074414,-0.001871,0.001223,-0.002582,0.560058,0.350848,-0.632851,-0.403412,92.989516,-25.200917,-98.035550
60791,NaN,4.235723,8.977442,-0.430093,-0.038947,-0.000386,0.123070,-0.002927,0.002350,-0.003058,0.560050,0.350838,-0.632864,-0.403410,92.990800,-25.201835,-98.037640
60792,NaN,4.209544,8.944130,-0.429776,-0.036529,0.009003,0.081806,-0.001113,0.001844,-0.005634,0.560027,0.350829,-0.632886,-0.403415,92.993539,-25.201763,-98.041729
60793,NaN,4.245159,8.934501,-0.389490,-0.081339,-0.022032,0.086367,-0.002356,0.003288,0.000675,0.560028,0.350810,-0.632905,-0.403400,92.994951,-25.204845,-98.043350
60794,NaN,4.217533,8.955712,-0.389183,-0.078032,0.012056,0.093754,-0.004283,0.005227,-0.007065,0.560022,0.350809,-0.632904,-0.403412,92.994597,-25.203840,-98.044356
60795,NaN,4.253110,8.945971,-0.408562,-0.063554,-0.026288,0.101017,-0.000027,0.004436,-0.003326,0.560015,0.350812,-0.632917,-0.403398,92.996978,-25.204668,-98.045119
60796,NaN,4.230609,8.945431,-0.418281,-0.051266,-0.007267,0.091406,-0.002655,0.005037,-0.002855,0.560015,0.350802,-0.632926,-0.403393,92.997602,-25.206013,-98.046162
60797,NaN,4.208023,8.944936,-0.427878,-0.038995,0.011715,0.081794,-0.003740,0.002445,-0.005164,0.560005,0.350796,-0.632934,-0.403400,92.998366,-25.205729,-98.048123
60798,NaN,4.238473,8.956943,-0.437430,-0.033472,-0.011529,0.106061,-0.000840,0.004531,-0.005431,0.559993,0.350796,-0.632945,-0.403399,93.000123,-25.205623,-98.049728
60799,NaN,4.243137,8.935450,-0.446744,-0.025003,-0.026063,0.089068,-0.007424,0.004172,-0.005172,0.559995,0.350784,-0.632941,-0.403414,92.998311,-25.205387,-98.050597
60800,NaN,4.206555,8.945688,-0.426583,-0.040426,0.013371,0.081786,0.002031,0.002899,-0.007530,0.559968,0.350794,-0.632958,-0.403415,93.001972,-25.203999,-98.053433
60801,NaN,4.259336,8.958344,-0.426009,-0.047709,-0.028364,0.115670,-0.006582,0.007796,-0.001234,0.559988,0.350778,-0.632952,-0.403410,92.999722,-25.206125,-98.052141
60802,NaN,4.205707,8.946143,-0.425416,-0.041413,0.014474,0.081780,-0.003522,0.005848,-0.010120,0.559975,0.350788,-0.632946,-0.403428,92.999598,-25.203413,-98.052859
60803,NaN,4.235828,8.958323,-0.434787,-0.035924,-0.008809,0.106056,-0.002709,0.005753,-0.008015,0.559968,0.350801,-0.632942,-0.403434,93.000021,-25.201597,-98.052634
60804,NaN,4.204284,8.946864,-0.424306,-0.042395,0.015567,0.081775,-0.004008,0.007912,-0.006864,0.559970,0.350806,-0.632934,-0.403439,92.999068,-25.200760,-98.051808
60805,NaN,4.189744,8.957864,-0.393955,-0.070633,0.036521,0.084088,-0.000621,0.007935,-0.010388,0.559962,0.350836,-0.632924,-0.403441,93.000067,-25.197652,-98.050125
60806,NaN,4.214832,8.991723,-0.393644,-0.074104,0.028351,0.125349,-0.000838,0.004531,-0.005433,0.559952,0.350840,-0.632933,-0.403437,93.001846,-25.197505,-98.051261
60807,NaN,4.215946,8.937400,-0.393110,-0.075424,0.004096,0.076709,-0.001894,0.005658,-0.005911,0.559947,0.350848,-0.632934,-0.403435,93.002792,-25.196891,-98.051166
60808,NaN,4.224159,8.948747,-0.412495,-0.057192,-0.000693,0.091376,-0.006365,0.003043,-0.004698,0.559946,0.350838,-0.632936,-0.403442,93.002137,-25.197120,-98.052136
60809,NaN,4.196519,8.969927,-0.412317,-0.053879,0.033349,0.098738,0.000515,0.001655,-0.001425,0.559933,0.350831,-0.632961,-0.403426,93.005605,-25.198953,-98.054721
60810,NaN,4.218453,8.970769,-0.402076,-0.067154,0.015489,0.108349,-0.004008,-0.000244,-0.005372,0.559912,0.350812,-0.632980,-0.403443,93.006907,-25.198779,-98.059486
60811,NaN,4.209695,8.959633,-0.441526,-0.027132,0.014021,0.096428,-0.004496,0.001821,-0.002115,0.559907,0.350793,-0.632993,-0.403445,93.007449,-25.200222,-98.061944
60812,NaN,4.204576,8.981288,-0.491033,0.022690,0.022288,0.116164,-0.002925,0.002348,-0.003062,0.559902,0.350785,-0.633005,-0.403441,93.008677,-25.201265,-98.063497
60813,NaN,4.231830,8.960342,-0.490267,0.018372,-0.010704,0.108806,-0.007368,0.003452,-0.000017,0.559911,0.350755,-0.633012,-0.403443,93.007164,-25.203957,-98.064993
60814,NaN,4.236506,8.938944,-0.439720,-0.032374,-0.017900,0.089065,-0.003736,0.002443,-0.005168,0.559903,0.350748,-0.633018,-0.403451,93.007527,-25.203717,-98.066878
60815,NaN,4.222644,8.949543,-0.469007,-0.001324,-0.004297,0.094128,-0.007908,0.006233,-0.001920,0.559918,0.350728,-0.633013,-0.403455,93.004928,-25.205404,-98.066553
60816,NaN,4.236210,8.939176,-0.437863,-0.033337,-0.016818,0.089064,-0.009182,0.012110,0.001064,0.559959,0.350700,-0.632996,-0.403449,92.999838,-25.209178,-98.063405
60817,NaN,4.232501,8.906467,-0.426825,-0.043617,-0.026018,0.057410,-0.002677,0.009471,-0.006185,0.559967,0.350715,-0.632984,-0.403443,92.999304,-25.208521,-98.060890
60818,NaN,4.240442,8.918028,-0.386054,-0.084617,-0.023430,0.069312,-0.007932,0.010668,-0.005249,0.559986,0.350704,-0.632966,-0.403455,92.995319,-25.208749,-98.059157
60819,NaN,4.221052,8.950587,-0.345478,-0.121821,0.012629,0.088557,-0.003192,0.007816,-0.004762,0.559993,0.350710,-0.632960,-0.403450,92.994956,-25.208858,-98.057736
60820,NaN,4.225731,8.929111,-0.354776,-0.113274,-0.001932,0.071585,-0.002947,0.006784,-0.006391,0.559994,0.350716,-0.632954,-0.403453,92.994536,-25.208044,-98.056970
60821,NaN,4.220035,8.951106,-0.344461,-0.122749,0.013685,0.088544,-0.002162,0.002971,-0.006117,0.559981,0.350719,-0.632962,-0.403456,92.996049,-25.207232,-98.058568
60822,NaN,4.224574,8.929691,-0.353941,-0.114266,-0.000819,0.071574,-0.002701,0.005752,-0.008020,0.559970,0.350724,-0.632962,-0.403466,92.996484,-25.205739,-98.059465
60823,NaN,4.188189,8.939715,-0.393837,-0.070408,0.031204,0.067019,-0.000592,-0.004655,-0.005569,0.559931,0.350714,-0.632996,-0.403476,93.000958,-25.205012,-98.065904
60824,NaN,4.218544,8.951786,-0.403934,-0.064905,0.007971,0.091326,0.004149,0.000648,-0.006575,0.559897,0.350723,-0.633025,-0.403471,93.006359,-25.204054,-98.069998
60825,NaN,4.226678,8.963163,-0.423942,-0.046657,0.003139,0.106014,-0.001106,0.001844,-0.005639,0.559879,0.350725,-0.633039,-0.403472,93.008788,-25.203482,-98.072325
60826,NaN,4.217960,8.952031,-0.463647,-0.006559,0.001657,0.094127,-0.000540,0.002781,-0.001903,0.559868,0.350709,-0.633061,-0.403466,93.010928,-25.205253,-98.075403
60827,NaN,4.239873,8.952882,-0.453561,-0.019869,-0.016241,0.103748,0.002849,0.002806,-0.005425,0.559847,0.350724,-0.633080,-0.403452,93.015366,-25.204832,-98.077129
60828,NaN,4.244666,8.931350,-0.463213,-0.011329,-0.030801,0.086792,-0.003707,0.006160,-0.003339,0.559851,0.350713,-0.633082,-0.403452,93.014770,-25.205833,-98.077490
60829,NaN,4.216939,8.952545,-0.463003,-0.007995,0.003245,0.094125,0.000492,0.006091,-0.004753,0.559846,0.350726,-0.633089,-0.403438,93.016983,-25.205895,-98.077161
60830,NaN,4.202534,8.963415,-0.432896,-0.036154,0.024243,0.096379,-0.002971,0.003065,-0.008226,0.559830,0.350728,-0.633092,-0.403454,93.017608,-25.203996,-98.079080
60831,NaN,4.229495,8.942639,-0.432018,-0.040491,-0.008752,0.089047,-0.007906,0.006228,-0.001926,0.559846,0.350708,-0.633086,-0.403458,93.015011,-25.205680,-98.078759
60832,NaN,4.207045,8.942075,-0.441359,-0.028124,0.010213,0.079423,-0.003977,0.003473,-0.003544,0.559841,0.350693,-0.633095,-0.403463,93.015075,-25.206517,-98.080837
60833,NaN,4.201519,8.963988,-0.430877,-0.037600,0.025843,0.096370,-0.006359,0.003039,-0.004706,0.559838,0.350680,-0.633097,-0.403476,93.014185,-25.206515,-98.082440
60834,NaN,4.218143,8.986648,-0.410144,-0.059840,0.023078,0.122939,-0.007414,0.004165,-0.005185,0.559839,0.350662,-0.633094,-0.403496,93.012042,-25.206409,-98.083877
60835,NaN,4.214223,8.954029,-0.399297,-0.070101,0.013858,0.091284,-0.006088,0.005725,-0.004502,0.559845,0.350654,-0.633089,-0.403502,93.010586,-25.206604,-98.083788
60836,NaN,4.222565,8.965364,-0.418368,-0.051867,0.009073,0.105985,-0.007659,0.005196,-0.003556,0.559853,0.350635,-0.633086,-0.403512,93.008448,-25.207592,-98.084405
60837,NaN,4.230666,8.976809,-0.377602,-0.092903,0.011659,0.117844,-0.006333,0.006756,-0.002873,0.559865,0.350624,-0.633081,-0.403513,93.006597,-25.208750,-98.083718
60838,NaN,4.249476,8.944679,-0.416239,-0.056683,-0.023377,0.098661,-0.010015,0.008478,-0.002886,0.559892,0.350605,-0.633062,-0.403522,93.002003,-25.210074,-98.081728
60839,NaN,4.226609,8.944306,-0.365431,-0.103631,0.002982,0.086183,-0.007142,0.006850,-0.004982,0.559902,0.350598,-0.633051,-0.403531,92.999634,-25.210028,-98.080911
60840,NaN,4.239856,8.934063,-0.394516,-0.076394,-0.016913,0.083948,-0.002179,0.007407,-0.009449,0.559892,0.350611,-0.633045,-0.403542,92.999778,-25.207743,-98.080929
60841,NaN,4.213486,8.900839,-0.393844,-0.073821,-0.007734,0.042667,-0.008466,0.005289,-0.005667,0.559898,0.350599,-0.633035,-0.403560,92.997060,-25.207258,-98.081077
60842,NaN,4.252618,8.924101,-0.422704,-0.049686,-0.036279,0.081717,-0.004243,0.008939,-0.005246,0.559908,0.350600,-0.633027,-0.403559,92.995844,-25.207438,-98.079688
60843,NaN,4.238182,8.934956,-0.392280,-0.077897,-0.015275,0.083939,-0.002694,0.005751,-0.008025,0.559900,0.350613,-0.633022,-0.403565,92.996275,-25.205618,-98.079466
60844,NaN,4.229147,8.924038,-0.431691,-0.037856,-0.016757,0.072088,-0.002694,0.005751,-0.008026,0.559889,0.350617,-0.633023,-0.403575,92.996756,-25.204168,-98.080574
60845,NaN,4.231580,8.957375,-0.381346,-0.087876,0.000967,0.100866,-0.003749,0.006877,-0.008506,0.559886,0.350631,-0.633013,-0.403584,92.996274,-25.202107,-98.079624
60846,NaN,4.222518,8.946483,-0.420530,-0.047790,-0.000538,0.089019,-0.006646,0.004786,-0.008245,0.559878,0.350620,-0.633008,-0.403612,92.994449,-25.200425,-98.081618
60847,NaN,4.216558,8.968572,-0.410098,-0.057270,0.015113,0.105948,-0.001391,0.003594,-0.009177,0.559859,0.350636,-0.633010,-0.403620,92.996193,-25.197882,-98.082721
60848,NaN,4.193665,8.968191,-0.419784,-0.044944,0.034112,0.096314,-0.002940,0.006781,-0.006398,0.559856,0.350637,-0.633011,-0.403624,92.996368,-25.197424,-98.083178
60849,NaN,4.223910,8.980392,-0.429245,-0.039557,0.010881,0.120662,-0.000335,0.002469,-0.008698,0.559832,0.350652,-0.633020,-0.403630,92.999026,-25.195121,-98.085010
60850,NaN,4.197619,8.947099,-0.429126,-0.036960,0.020071,0.079378,-0.002671,0.001314,-0.004698,0.559819,0.350646,-0.633034,-0.403632,93.000728,-25.195260,-98.087483
60851,NaN,4.222840,8.980920,-0.428723,-0.040557,0.011969,0.120656,-0.002154,0.002970,-0.006124,0.559805,0.350649,-0.633042,-0.403635,93.002245,-25.194445,-98.089083
60852,NaN,4.227532,8.959482,-0.438171,-0.032038,-0.002609,0.103729,-0.004781,0.003565,-0.005658,0.559799,0.350640,-0.633044,-0.403647,93.001873,-25.194081,-98.090746
60853,NaN,4.221832,8.981443,-0.427694,-0.041519,0.013050,0.120651,-0.004781,0.003565,-0.005659,0.559793,0.350635,-0.633046,-0.403657,93.001732,-25.193551,-98.091985
60854,NaN,4.226617,8.959968,-0.437066,-0.033029,-0.001505,0.103726,-0.002131,0.006686,-0.004290,0.559794,0.350634,-0.633050,-0.403651,93.002270,-25.194193,-98.092116
60855,NaN,4.195519,8.948202,-0.426649,-0.039403,0.022774,0.079363,-0.005523,0.006656,-0.000770,0.559809,0.350618,-0.633050,-0.403644,93.000940,-25.196552,-98.091563
60856,NaN,4.222869,8.927300,-0.425643,-0.043816,-0.010155,0.072072,-0.006847,0.005095,-0.001455,0.559820,0.350597,-0.633054,-0.403642,92.999645,-25.198846,-98.091979
60857,NaN,4.217330,8.949186,-0.415054,-0.053298,0.005508,0.088989,-0.002937,0.006781,-0.006400,0.559819,0.350606,-0.633049,-0.403642,92.999684,-25.197988,-98.091160
60858,NaN,4.216959,8.949380,-0.414626,-0.053803,0.006097,0.088986,-0.001592,0.003906,-0.002385,0.559813,0.350594,-0.633066,-0.403634,93.001415,-25.199684,-98.093268
60859,NaN,4.235500,8.917355,-0.394015,-0.076885,-0.021544,0.066966,-0.005274,0.005625,-0.002401,0.559821,0.350582,-0.633067,-0.403632,93.000482,-25.201080,-98.093313
60860,NaN,4.235253,8.917499,-0.393411,-0.077369,-0.020982,0.066964,-0.003971,0.003470,-0.003551,0.559817,0.350569,-0.633076,-0.403635,93.000791,-25.201969,-98.095059
60861,NaN,4.241931,8.983382,-0.412914,-0.058409,-0.000889,0.130261,-0.002647,0.005030,-0.002866,0.559818,0.350564,-0.633083,-0.403627,93.001518,-25.203081,-98.095464
60862,NaN,4.224659,8.961116,-0.432423,-0.037058,0.002922,0.103711,-0.001859,0.009372,-0.004086,0.559828,0.350570,-0.633079,-0.403614,93.001448,-25.203864,-98.093553
60863,NaN,4.210396,8.971830,-0.402070,-0.065253,0.023953,0.105881,-0.005295,0.001908,-0.004236,0.559821,0.350556,-0.633087,-0.403624,93.001479,-25.204098,-98.095887
60864,NaN,4.210246,8.971921,-0.401617,-0.065729,0.024507,0.105877,-0.002357,0.003280,0.000669,0.559823,0.350536,-0.633105,-0.403609,93.002765,-25.207348,-98.097512
60865,NaN,4.210048,8.972028,-0.401310,-0.066229,0.025036,0.105872,-0.000826,0.004530,-0.005441,0.559814,0.350544,-0.633113,-0.403603,93.004633,-25.206971,-98.098149
60866,NaN,4.228947,8.939944,-0.440645,-0.030018,-0.010043,0.086796,-0.001570,0.007621,-0.000551,0.559822,0.350529,-0.633123,-0.403588,93.005137,-25.209790,-98.098495
60867,NaN,4.245919,8.962397,-0.420073,-0.052363,-0.012746,0.113337,-0.004466,0.005530,-0.000292,0.559832,0.350512,-0.633130,-0.403578,93.004723,-25.212389,-98.098671
60868,NaN,4.256173,8.919134,-0.439258,-0.034904,-0.042481,0.079526,-0.003182,0.007810,-0.004773,0.559840,0.350519,-0.633125,-0.403570,93.004455,-25.212714,-98.096997
60869,NaN,4.250742,8.940951,-0.428812,-0.044390,-0.026802,0.096430,-0.001569,0.007621,-0.000552,0.559852,0.350515,-0.633131,-0.403548,93.005134,-25.215227,-98.095841
60870,NaN,4.252179,8.886562,-0.428290,-0.045652,-0.051168,0.047877,-0.001361,0.007311,-0.007347,0.559849,0.350532,-0.633128,-0.403542,93.006139,-25.214148,-98.094726
60871,NaN,4.205478,8.939950,-0.447979,-0.019689,0.011059,0.077152,-0.007402,0.004157,-0.005200,0.559850,0.350519,-0.633123,-0.403558,93.004344,-25.213898,-98.095607
60872,NaN,4.245921,8.908807,-0.417058,-0.055666,-0.034885,0.064778,-0.002932,0.006780,-0.006404,0.559847,0.350522,-0.633124,-0.403559,93.004636,-25.213453,-98.095808
60873,NaN,4.240047,8.930821,-0.406764,-0.065152,-0.019201,0.081675,-0.000057,0.005156,-0.008497,0.559832,0.350543,-0.633126,-0.403559,93.006734,-25.211347,-98.095948
60874,NaN,4.217002,8.930506,-0.416476,-0.052748,-0.000263,0.072034,-0.004813,0.004283,-0.010831,0.559816,0.350548,-0.633119,-0.403586,93.006119,-25.208124,-98.097504
60875,NaN,4.205624,8.974331,-0.396146,-0.071219,0.030585,0.105822,-0.002434,0.004719,-0.009665,0.559802,0.350565,-0.633116,-0.403598,93.006955,-25.205337,-98.097881
60876,NaN,4.218719,8.964245,-0.425518,-0.043999,0.010615,0.103677,-0.002434,0.004719,-0.009665,0.559788,0.350580,-0.633112,-0.403610,93.007591,-25.202704,-98.098403
60877,NaN,4.195790,8.963872,-0.435141,-0.031627,0.029511,0.094034,-0.004255,0.005217,-0.007091,0.559783,0.350584,-0.633108,-0.403619,93.007286,-25.201404,-98.098551
60878,NaN,4.204048,8.975297,-0.454425,-0.013389,0.024721,0.108789,-0.003699,0.006153,-0.003350,0.559785,0.350570,-0.633113,-0.403621,93.006888,-25.202545,-98.099663
60879,NaN,4.217101,8.965086,-0.423816,-0.045460,0.012240,0.103669,-0.004254,0.005217,-0.007092,0.559780,0.350575,-0.633109,-0.403630,93.006584,-25.201245,-98.099811
60880,NaN,4.197760,8.997525,-0.443389,-0.023326,0.040968,0.125674,-0.003200,0.004093,-0.006611,0.559770,0.350571,-0.633113,-0.403640,93.006907,-25.200376,-98.101497
60881,NaN,4.243479,8.944704,-0.422437,-0.050303,-0.020210,0.096417,-0.006076,0.005715,-0.004519,0.559775,0.350564,-0.633108,-0.403647,93.005462,-25.200563,-98.101415
60882,NaN,4.229726,8.955306,-0.451814,-0.019203,-0.006646,0.101536,-0.001051,0.009275,-0.001979,0.559788,0.350565,-0.633109,-0.403627,93.005817,-25.202523,-98.099691
60883,NaN,4.206861,8.954734,-0.401415,-0.066073,0.019771,0.088894,-0.007378,0.007869,-0.003371,0.559805,0.350554,-0.633098,-0.403631,93.003061,-25.203431,-98.098286
60884,NaN,4.223958,8.977305,-0.440428,-0.029211,0.009672,0.118418,-0.002124,0.006684,-0.004296,0.559801,0.350546,-0.633107,-0.403628,93.003829,-25.204278,-98.099550
60885,NaN,4.233738,8.934127,-0.399818,-0.070988,-0.012615,0.081645,-0.005001,0.008305,-0.002204,0.559818,0.350540,-0.633101,-0.403621,93.002335,-25.205868,-98.097907
60886,NaN,4.220055,8.944711,-0.429010,-0.039927,0.000973,0.086766,-0.006323,0.006744,-0.002891,0.559828,0.350523,-0.633099,-0.403622,93.000627,-25.207355,-98.097917
60887,NaN,4.233306,8.934397,-0.398344,-0.072000,-0.011498,0.081639,-0.002643,0.005028,-0.002871,0.559829,0.350519,-0.633106,-0.403615,93.001357,-25.208465,-98.098326
60888,NaN,4.233502,8.934541,-0.457482,-0.013202,-0.018475,0.084652,-0.005804,0.008399,-0.004317,0.559840,0.350506,-0.633099,-0.403623,92.999061,-25.209096,-98.098012
60889,NaN,4.210507,8.934002,-0.407100,-0.060061,0.007950,0.071989,-0.003696,0.006151,-0.003353,0.559845,0.350502,-0.633099,-0.403618,92.998878,-25.209964,-98.097694
60890,NaN,4.235873,8.967794,-0.406108,-0.063767,0.000024,0.113278,-0.007376,0.007867,-0.003374,0.559857,0.350482,-0.633094,-0.403626,92.996281,-25.211310,-98.097799
60891,NaN,4.226886,8.956754,-0.385450,-0.082952,0.005913,0.098502,-0.003695,0.006151,-0.003354,0.559862,0.350478,-0.633095,-0.403621,92.996099,-25.212177,-98.097481
60892,NaN,4.218458,8.945670,-0.424692,-0.042846,0.004284,0.086753,-0.004999,0.008304,-0.002206,0.559876,0.350463,-0.633093,-0.403619,92.994365,-25.213988,-98.096992
60893,NaN,4.218167,8.945848,-0.423830,-0.043345,0.004811,0.086750,-0.007124,0.006837,-0.005006,0.559886,0.350456,-0.633082,-0.403629,92.992010,-25.213931,-98.096185
60894,NaN,4.240009,8.946794,-0.412914,-0.056720,-0.012966,0.096394,-0.003694,0.006151,-0.003355,0.559889,0.350446,-0.633086,-0.403627,92.991737,-25.215072,-98.096684
60895,NaN,4.203524,8.956688,-0.392676,-0.071992,0.026458,0.088837,-0.005017,0.004589,-0.004042,0.559890,0.350437,-0.633087,-0.403631,92.991209,-25.215499,-98.097331
60896,NaN,4.248244,8.958291,-0.431517,-0.039071,-0.017167,0.111169,-0.004464,0.005524,-0.000300,0.559894,0.350406,-0.633102,-0.403627,92.991061,-25.218654,-98.099709
60897,NaN,4.212004,8.968053,-0.411570,-0.054338,0.022258,0.103607,0.000520,0.001656,-0.001425,0.559882,0.350399,-0.633128,-0.403611,92.994533,-25.220491,-98.102298
60898,NaN,4.217107,8.946474,-0.421170,-0.045822,0.007644,0.086737,-0.005536,0.002933,-0.002617,0.559878,0.350373,-0.633139,-0.403621,92.994046,-25.221989,-98.105250
60899,NaN,4.230872,8.936145,-0.450416,-0.018658,-0.012382,0.084653,-0.002640,0.005027,-0.002873,0.559879,0.350368,-0.633146,-0.403613,92.994778,-25.223099,-98.105660
60900,NaN,4.230679,8.936263,-0.449908,-0.019125,-0.011807,0.084653,-0.004213,0.004494,-0.001930,0.559879,0.350344,-0.633158,-0.403616,92.994593,-25.225039,-98.107958
60901,NaN,4.247335,8.958838,-0.429099,-0.041519,-0.014425,0.111164,-0.005799,0.008398,-0.004321,0.559893,0.350342,-0.633147,-0.403616,92.992586,-25.225421,-98.106188
60902,NaN,4.226619,8.903750,-0.438315,-0.029792,-0.020526,0.053005,-0.006852,0.009521,-0.004804,0.559906,0.350329,-0.633135,-0.403627,92.989617,-25.225944,-98.105496
60903,NaN,4.243172,8.926378,-0.417348,-0.052188,-0.023141,0.079514,-0.004745,0.007274,-0.003839,0.559916,0.350326,-0.633130,-0.403624,92.988523,-25.226569,-98.104453
60904,NaN,4.234131,8.915348,-0.396650,-0.071311,-0.017215,0.064724,-0.005529,0.011082,-0.004118,0.559935,0.350319,-0.633116,-0.403626,92.985671,-25.227389,-98.102368
60905,NaN,4.220203,8.926084,-0.425777,-0.040229,-0.003714,0.069860,-0.005026,0.009024,-0.007379,0.559943,0.350330,-0.633099,-0.403631,92.983895,-25.226040,-98.100102
60906,NaN,4.241105,8.927181,-0.355135,-0.112873,-0.013864,0.076434,-0.002149,0.007404,-0.009469,0.559933,0.350342,-0.633095,-0.403642,92.984194,-25.223821,-98.100363
60907,NaN,4.212816,8.948505,-0.354879,-0.109448,0.020203,0.083631,-0.002148,0.007404,-0.009469,0.559927,0.350364,-0.633084,-0.403647,92.984474,-25.221228,-98.099052
60908,NaN,4.207351,8.970566,-0.404330,-0.059686,0.028385,0.103560,-0.001615,0.004625,-0.007561,0.559914,0.350372,-0.633089,-0.403652,92.985796,-25.219895,-98.100155
60909,NaN,4.220157,8.960416,-0.373920,-0.091768,0.015944,0.098413,-0.001346,0.007309,-0.007357,0.559910,0.350389,-0.633084,-0.403649,92.986592,-25.218508,-98.098974
60910,NaN,4.237026,8.983160,-0.413238,-0.054923,0.005790,0.128001,-0.002135,0.002968,-0.006136,0.559897,0.350389,-0.633093,-0.403653,92.988059,-25.217923,-98.100894
60911,NaN,4.214175,8.982734,-0.423124,-0.042506,0.024649,0.118344,-0.001363,0.003596,-0.009193,0.559878,0.350405,-0.633096,-0.403662,92.989819,-25.215374,-98.102002
60912,NaN,4.210651,8.950210,-0.472595,0.006568,0.007766,0.089791,-0.002918,0.006776,-0.006416,0.559876,0.350409,-0.633094,-0.403664,92.989841,-25.214773,-98.101859
60913,NaN,4.223579,8.940005,-0.442207,-0.025515,-0.004674,0.084644,-0.001081,0.001845,-0.005654,0.559858,0.350411,-0.633108,-0.403665,92.992285,-25.214197,-98.104190
60914,NaN,4.239875,8.962725,-0.421636,-0.047905,-0.007221,0.111143,-0.005292,0.006337,-0.007588,0.559856,0.350411,-0.633100,-0.403679,92.990962,-25.212887,-98.104360
60915,NaN,4.217161,8.962247,-0.431188,-0.035482,0.011633,0.101486,-0.003438,0.005119,-0.004991,0.559854,0.350411,-0.633102,-0.403680,92.991182,-25.212789,-98.104643
60916,NaN,4.207893,8.951297,-0.410715,-0.054672,0.017600,0.086680,-0.005292,0.006336,-0.007589,0.559852,0.350411,-0.633096,-0.403692,92.990244,-25.211658,-98.104840
60917,NaN,4.252182,8.953213,-0.449395,-0.021792,-0.026135,0.109100,-0.005291,0.006336,-0.007589,0.559852,0.350417,-0.633085,-0.403704,92.989039,-25.210109,-98.104267
60918,NaN,4.206506,8.952020,-0.409152,-0.055590,0.018607,0.086673,-0.005822,0.009115,-0.009500,0.559866,0.350443,-0.633054,-0.403711,92.986199,-25.207348,-98.099766
60919,NaN,4.227964,8.953158,-0.398208,-0.069017,0.000814,0.096325,-0.004237,0.005213,-0.007107,0.559861,0.350447,-0.633050,-0.403720,92.985907,-25.206042,-98.099920
60920,NaN,4.219454,8.942195,-0.437271,-0.028941,-0.000852,0.084636,-0.008673,0.010009,-0.002241,0.559886,0.350425,-0.633037,-0.403725,92.981913,-25.208046,-98.098533
60921,NaN,4.213677,8.964120,-0.426271,-0.038433,0.014898,0.101471,-0.007662,0.005896,-0.008765,0.559886,0.350427,-0.633021,-0.403749,92.979450,-25.205812,-98.098200
60922,NaN,4.226984,8.954097,-0.455260,-0.011334,-0.005056,0.099444,-0.003715,0.006869,-0.008534,0.559879,0.350431,-0.633018,-0.403760,92.979377,-25.204290,-98.098827
60923,NaN,4.212365,8.964813,-0.424674,-0.039479,0.016058,0.101465,-0.006846,0.009514,-0.004815,0.559897,0.350430,-0.633001,-0.403763,92.976464,-25.204423,-98.096337
60924,NaN,4.206651,8.986692,-0.413838,-0.048955,0.031846,0.118294,-0.006061,0.005706,-0.004537,0.559902,0.350420,-0.632997,-0.403770,92.974958,-25.204804,-98.096436
60925,NaN,4.211555,8.965270,-0.423050,-0.040462,0.017147,0.101459,-0.004487,0.006240,-0.005478,0.559905,0.350421,-0.632992,-0.403773,92.974269,-25.204461,-98.095994
60926,NaN,4.215961,8.943711,-0.372444,-0.091165,0.010099,0.081483,-0.006835,0.005078,-0.001481,0.559917,0.350399,-0.632992,-0.403775,92.972404,-25.206491,-98.096305
60927,NaN,4.241940,8.977607,-0.431192,-0.035719,-0.005453,0.125930,-0.005008,0.004584,-0.004053,0.559918,0.350391,-0.632994,-0.403779,92.971883,-25.206914,-98.096958
60928,NaN,4.224783,8.955363,-0.450765,-0.014236,-0.001800,0.099442,-0.003956,0.003461,-0.003569,0.559910,0.350369,-0.633006,-0.403789,92.971989,-25.207877,-98.100097
60929,NaN,4.215317,8.944090,-0.370627,-0.092610,0.011734,0.081467,-0.001821,0.008641,0.001072,0.559929,0.350361,-0.633012,-0.403761,92.972273,-25.211354,-98.098352
60930,NaN,4.223932,8.955426,-0.389912,-0.074331,0.006919,0.096284,-0.005276,0.001899,-0.004259,0.559914,0.350325,-0.633026,-0.403790,92.971488,-25.211761,-98.103713
60931,NaN,4.212193,8.911489,-0.419516,-0.043900,-0.004717,0.052972,-0.003156,0.003367,-0.001454,0.559913,0.350312,-0.633039,-0.403783,92.972391,-25.213635,-98.105221
60932,NaN,4.259713,8.946063,-0.408516,-0.060635,-0.030846,0.103938,-0.003955,0.003461,-0.003570,0.559904,0.350289,-0.633055,-0.403791,92.972812,-25.214761,-98.108642
60933,NaN,4.242596,8.923803,-0.428124,-0.039196,-0.027252,0.077454,-0.003686,0.006145,-0.003364,0.559909,0.350285,-0.633055,-0.403786,92.972636,-25.215625,-98.108331
60934,NaN,4.237064,8.945569,-0.417673,-0.048633,-0.011465,0.094274,-0.003156,0.003367,-0.001454,0.559908,0.350266,-0.633069,-0.403782,92.973199,-25.217652,-98.110265
60935,NaN,4.205850,8.933702,-0.407651,-0.054823,0.012728,0.069783,-0.001859,0.005652,-0.005937,0.559903,0.350275,-0.633070,-0.403780,92.974167,-25.217029,-98.110181
60936,NaN,4.241701,8.924297,-0.426704,-0.040631,-0.025564,0.077453,-0.003686,0.006145,-0.003365,0.559901,0.350254,-0.633080,-0.403785,92.974003,-25.218394,-98.112422
60937,NaN,4.227193,8.934909,-0.396417,-0.068762,-0.004429,0.079439,-0.003179,0.004090,-0.006627,0.559892,0.350258,-0.633082,-0.403791,92.974626,-25.217330,-98.113304
60938,NaN,4.238835,8.979349,-0.425417,-0.040920,0.000643,0.125911,-0.007110,0.006827,-0.005026,0.559899,0.350242,-0.633074,-0.403807,92.971918,-25.217440,-98.113703
60939,NaN,4.235013,8.946673,-0.414821,-0.051064,-0.008712,0.094264,-0.003432,0.005117,-0.004997,0.559897,0.350242,-0.633076,-0.403808,92.972142,-25.217340,-98.113989
60940,NaN,4.229179,8.968573,-0.404338,-0.060513,0.007121,0.111074,-0.002909,0.006774,-0.006423,0.559892,0.350238,-0.633077,-0.403817,92.971963,-25.216814,-98.115109
60941,NaN,4.251604,8.969684,-0.453347,-0.014752,-0.018326,0.123928,-0.003685,0.006144,-0.003366,0.559896,0.350234,-0.633078,-0.403812,92.971789,-25.217677,-98.114799
60942,NaN,4.197551,8.956913,-0.393762,-0.067172,0.031919,0.086567,-0.001327,0.002873,-0.004027,0.559879,0.350217,-0.633100,-0.403817,92.973823,-25.218525,-98.118916
60943,NaN,4.233511,8.947470,-0.412957,-0.053008,-0.006462,0.094256,-0.002633,0.005022,-0.002882,0.559879,0.350212,-0.633107,-0.403809,92.974560,-25.219632,-98.119332
60944,NaN,4.202313,8.935590,-0.402708,-0.059171,0.017791,0.069750,-0.005788,0.008388,-0.004338,0.559890,0.350201,-0.633101,-0.403814,92.972597,-25.220400,-98.118834
60945,NaN,4.254960,8.948642,-0.401502,-0.066969,-0.023625,0.103917,-0.000804,0.004530,-0.005453,0.559881,0.350209,-0.633108,-0.403808,92.974478,-25.220021,-98.119478
60946,NaN,4.218212,8.958478,-0.381634,-0.082151,0.015909,0.096212,-0.001856,0.005651,-0.005939,0.559871,0.350207,-0.633117,-0.403810,92.975693,-25.219903,-98.120971
60947,NaN,4.209578,8.947617,-0.421250,-0.042062,0.014103,0.084579,-0.001601,0.004624,-0.007570,0.559859,0.350220,-0.633119,-0.403813,92.977063,-25.218316,-98.121485
60948,NaN,4.231100,8.948716,-0.410668,-0.055471,-0.003608,0.094244,-0.003443,0.001405,-0.006836,0.559837,0.350204,-0.633133,-0.403835,92.977921,-25.217363,-98.126011
60949,NaN,4.235849,8.927378,-0.420335,-0.046977,-0.018342,0.077441,-0.000549,0.003502,-0.007085,0.559821,0.350215,-0.633141,-0.403835,92.980202,-25.216021,-98.127251
60950,NaN,4.238616,8.960605,-0.429797,-0.037808,-0.007876,0.109084,-0.004226,0.005210,-0.007117,0.559814,0.350212,-0.633140,-0.403849,92.979715,-25.214960,-98.128457
60951,NaN,4.212274,8.927295,-0.429896,-0.034966,0.001035,0.067770,0.001535,0.001983,-0.011289,0.559780,0.350239,-0.633149,-0.403857,92.983541,-25.211167,-98.130520
60952,NaN,4.224788,8.917243,-0.399587,-0.067047,-0.011293,0.062589,-0.001861,0.010085,-0.009279,0.559778,0.350255,-0.633139,-0.403863,92.983219,-25.209125,-98.129335
60953,NaN,4.227346,8.950569,-0.408942,-0.057917,-0.000862,0.094230,-0.002396,0.004717,-0.009690,0.559763,0.350272,-0.633135,-0.403874,92.984079,-25.206329,-98.129720
60954,NaN,4.226532,8.950971,-0.408555,-0.058406,-0.000292,0.094227,-0.001076,0.006280,-0.008999,0.559752,0.350290,-0.633133,-0.403878,92.985251,-25.204221,-98.129532
60955,NaN,4.234424,8.962671,-0.428032,-0.040285,-0.005127,0.109076,-0.000821,0.005252,-0.010631,0.559735,0.350316,-0.633129,-0.403886,92.986856,-25.200902,-98.129549
60956,NaN,4.197319,8.972633,-0.408171,-0.055373,0.034360,0.101342,-0.002917,0.003060,-0.008265,0.559715,0.350313,-0.633136,-0.403904,92.987634,-25.199161,-98.132409
60957,NaN,4.205281,8.984297,-0.427689,-0.037253,0.029525,0.116191,-0.001610,0.000911,-0.009411,0.559688,0.350324,-0.633145,-0.403919,92.989972,-25.196411,-98.135211
60958,NaN,4.182271,8.983909,-0.437674,-0.024744,0.048394,0.106516,-0.002661,0.002032,-0.009897,0.559660,0.350322,-0.633154,-0.403944,92.991304,-25.193805,-98.139176
60959,NaN,4.217922,8.974679,-0.456752,-0.010617,0.010008,0.114253,-0.005269,0.001894,-0.004267,0.559652,0.350308,-0.633162,-0.403954,92.991353,-25.194027,-98.141526
60960,NaN,4.170078,8.940269,-0.466787,0.005277,0.037214,0.063265,-0.004462,0.005511,-0.000313,0.559659,0.350280,-0.633174,-0.403951,92.990711,-25.196916,-98.143277
60961,NaN,4.195432,8.974095,-0.465833,0.001414,0.029382,0.104579,-0.003950,0.003457,-0.003576,0.559656,0.350271,-0.633181,-0.403953,92.991105,-25.197580,-98.144662
60962,NaN,4.200629,8.952572,-0.475395,0.009982,0.014668,0.087794,-0.002103,0.002242,-0.000972,0.559646,0.350241,-0.633206,-0.403954,92.992494,-25.199984,-98.148922
60963,NaN,4.214025,8.942112,-0.444921,-0.022119,0.002292,0.082606,-0.003143,0.007074,0.000378,0.559660,0.350229,-0.633212,-0.403935,92.992433,-25.203019,-98.148151
60964,NaN,4.216805,8.974848,-0.394228,-0.072238,0.020569,0.110977,-0.006024,0.008685,0.002463,0.559686,0.350198,-0.633216,-0.403918,92.990581,-25.207754,-98.147527
60965,NaN,4.236610,8.942785,-0.433099,-0.036139,-0.014835,0.092277,-0.004973,0.007564,0.002949,0.559710,0.350174,-0.633222,-0.403897,92.989375,-25.212275,-98.146531
60966,NaN,4.213917,8.941774,-0.382747,-0.082833,0.011755,0.079325,-0.005768,0.007658,0.000831,0.559732,0.350149,-0.633224,-0.403886,92.987577,-25.215851,-98.145904
60967,NaN,4.228211,8.931400,-0.411717,-0.055729,-0.008368,0.077409,-0.006558,0.003317,0.002051,0.559744,0.350114,-0.633236,-0.403880,92.986594,-25.219732,-98.147564
60968,NaN,4.228388,8.931353,-0.410921,-0.056185,-0.007826,0.077407,-0.007609,0.004438,0.001565,0.559761,0.350079,-0.633242,-0.403878,92.984441,-25.223485,-98.148508
60969,NaN,4.223156,8.952947,-0.400094,-0.065679,0.007992,0.094179,-0.007609,0.004438,0.001564,0.559777,0.350045,-0.633248,-0.403875,92.982547,-25.227120,-98.149443
60970,NaN,4.233865,8.909764,-0.419131,-0.048161,-0.021991,0.060629,-0.007624,0.005163,-0.003612,0.559780,0.350014,-0.633251,-0.403894,92.980257,-25.228224,-98.152020
60971,NaN,4.250308,8.932373,-0.398102,-0.070655,-0.024430,0.087076,-0.004731,0.007262,-0.003859,0.559789,0.350011,-0.633246,-0.403892,92.979174,-25.228840,-98.150991
60972,NaN,4.224332,8.898906,-0.397750,-0.067731,-0.015551,0.045755,-0.005002,0.009013,-0.007404,0.559798,0.350021,-0.633228,-0.403897,92.977239,-25.227614,-98.148613
60973,NaN,4.254669,8.911312,-0.406466,-0.062630,-0.038647,0.070302,-0.005525,0.007355,-0.005979,0.559805,0.350023,-0.633217,-0.403903,92.975647,-25.227020,-98.147455
60974,NaN,4.208985,8.909855,-0.366559,-0.096259,0.006183,0.047644,-0.000801,0.008965,-0.008797,0.559801,0.350041,-0.633209,-0.403907,92.975891,-25.225006,-98.146297
60975,NaN,4.253147,8.912085,-0.405451,-0.063566,-0.037574,0.070300,-0.000288,0.006912,-0.012060,0.559785,0.350076,-0.633200,-0.403914,92.977334,-25.220920,-98.145219
60976,NaN,4.232548,8.944528,-0.365491,-0.100589,-0.001085,0.088954,0.000764,0.005791,-0.011574,0.559765,0.350107,-0.633195,-0.403922,92.979258,-25.217114,-98.145024
60977,NaN,4.195161,8.954556,-0.345778,-0.115674,0.038365,0.081157,-0.001872,0.002664,-0.012960,0.559736,0.350131,-0.633193,-0.403944,92.980925,-25.212386,-98.146602
60978,NaN,4.222423,8.934437,-0.405161,-0.061015,-0.002373,0.077381,0.001548,0.001986,-0.011294,0.559703,0.350157,-0.633204,-0.403950,92.985008,-25.208944,-98.148880
60979,NaN,4.224752,8.967843,-0.415084,-0.051913,0.008092,0.109020,0.001282,-0.000697,-0.011499,0.559661,0.350179,-0.633220,-0.403964,92.989408,-25.204952,-98.152631
60980,NaN,4.246722,8.969287,-0.464728,-0.006210,-0.017344,0.122019,0.001025,0.000329,-0.009868,0.559624,0.350189,-0.633240,-0.403976,92.993370,-25.202328,-98.156886
60981,NaN,4.206092,8.946317,-0.435346,-0.030888,0.012165,0.082575,-0.000552,0.004226,-0.012270,0.559599,0.350218,-0.633237,-0.403989,92.995382,-25.198043,-98.157499
60982,NaN,4.213692,8.958180,-0.454937,-0.012766,0.007357,0.097457,-0.000294,0.003199,-0.013902,0.559568,0.350249,-0.633234,-0.404009,92.997651,-25.192986,-98.158791
60983,NaN,4.212703,8.958661,-0.454632,-0.013265,0.007884,0.097455,-0.000800,0.008962,-0.008801,0.559566,0.350276,-0.633224,-0.404005,92.998295,-25.190826,-98.156524
60984,NaN,4.233730,8.960035,-0.443835,-0.026695,-0.009834,0.107135,-0.002921,0.008216,-0.016793,0.559548,0.350314,-0.633197,-0.404038,92.997265,-25.184136,-98.155228
60985,NaN,4.187321,8.958851,-0.403948,-0.060356,0.034981,0.084433,-0.003702,0.007585,-0.013736,0.559537,0.350346,-0.633176,-0.404060,92.996548,-25.179112,-98.153668
60986,NaN,4.235728,8.939537,-0.392679,-0.077907,-0.016233,0.087038,-0.004493,0.007678,-0.015857,0.559525,0.350383,-0.633150,-0.404086,92.995444,-25.173186,-98.151702
60987,NaN,4.212207,8.939382,-0.402426,-0.065386,0.002539,0.077353,-0.000816,0.005975,-0.015821,0.559499,0.350426,-0.633135,-0.404107,92.996784,-25.166920,-98.151091
60988,NaN,4.191214,8.971941,-0.362339,-0.102420,0.039087,0.095959,-0.002390,0.005437,-0.014883,0.559476,0.350457,-0.633121,-0.404134,92.997098,-25.161357,-98.151250
60989,NaN,4.226331,8.963072,-0.381515,-0.088355,0.000697,0.103778,-0.000811,0.001541,-0.012481,0.559443,0.350481,-0.633125,-0.404154,92.999679,-25.156870,-98.153553
60990,NaN,4.184113,8.994910,-0.411927,-0.053175,0.047656,0.116048,0.000493,-0.004315,-0.015464,0.559387,0.350509,-0.633138,-0.404185,93.004253,-25.150533,-98.158514
60991,NaN,4.183123,8.995371,-0.411926,-0.053673,0.048186,0.116043,-0.002376,0.000279,-0.006362,0.559365,0.350507,-0.633153,-0.404194,93.006362,-25.149509,-98.161817
60992,NaN,4.186573,9.028807,-0.481592,0.014619,0.050935,0.151041,0.001295,-0.005132,-0.008164,0.559310,0.350495,-0.633195,-0.404215,93.012013,-25.147736,-98.170723
60993,NaN,4.191479,9.007454,-0.491515,0.023118,0.036144,0.134295,-0.004210,0.000767,-0.003790,0.559298,0.350480,-0.633209,-0.404223,93.012976,-25.148198,-98.173803
60994,NaN,4.213497,9.008373,-0.480931,0.009617,0.018470,0.143979,-0.001310,0.002146,0.001145,0.559296,0.350458,-0.633234,-0.404205,93.015156,-25.151732,-98.176231
60995,NaN,4.183706,8.996283,-0.530948,0.062757,0.034778,0.122767,-0.001828,0.004198,0.004410,0.559307,0.350431,-0.633258,-0.404176,93.016678,-25.156990,-98.177415
60996,NaN,4.192031,9.007251,-0.490519,0.021624,0.037840,0.134292,-0.002879,0.005317,0.003922,0.559322,0.350401,-0.633279,-0.404148,93.017504,-25.162432,-98.178354
60997,NaN,4.183811,8.995705,-0.470194,0.002545,0.043734,0.119390,-0.003397,0.007370,0.007187,0.559352,0.350367,-0.633295,-0.404111,93.017315,-25.169374,-98.177626
60998,NaN,4.216811,8.952793,-0.419343,-0.052187,0.003267,0.092216,-0.005231,0.007858,0.009759,0.559389,0.350314,-0.633316,-0.404074,93.016084,-25.178146,-98.177736
60999,NaN,4.226638,8.963666,-0.438081,-0.034108,-0.001569,0.107117,-0.011530,0.005706,0.013514,0.559440,0.350233,-0.633332,-0.404048,93.011772,-25.188658,-98.178271
61000,NaN,4.218928,8.951877,-0.417601,-0.053187,0.004378,0.092210,0.001073,0.005575,0.009344,0.559460,0.350198,-0.633368,-0.403993,93.014720,-25.197080,-98.179164
61001,NaN,4.247623,8.930598,-0.416747,-0.057724,-0.028651,0.085161,-0.008111,0.005031,0.015181,0.559506,0.350121,-0.633396,-0.403952,93.012573,-25.208525,-98.180182
61002,NaN,4.239796,8.918865,-0.396077,-0.076809,-0.022703,0.070252,-0.007077,0.005361,0.005309,0.559532,0.350076,-0.633409,-0.403934,93.010908,-25.214630,-98.180911
61003,NaN,4.249285,8.929888,-0.415004,-0.058735,-0.027539,0.085158,-0.007068,0.004635,0.010488,0.559566,0.350016,-0.633432,-0.403904,93.009399,-25.223379,-98.182022
61004,NaN,4.222516,8.950323,-0.414642,-0.055146,0.006556,0.092198,-0.003659,0.004685,0.006979,0.559589,0.349975,-0.633454,-0.403873,93.009482,-25.230204,-98.182870
61005,NaN,4.256075,8.907695,-0.423736,-0.050686,-0.041809,0.068428,-0.004450,0.004779,0.004858,0.559608,0.349941,-0.633471,-0.403850,93.009354,-25.235736,-98.183702
61006,NaN,4.237753,8.939620,-0.443089,-0.028534,-0.013045,0.090378,-0.007075,0.005360,0.005308,0.559630,0.349888,-0.633487,-0.403840,93.007362,-25.241806,-98.185637
61007,NaN,4.242696,8.917647,-0.392430,-0.079219,-0.020008,0.070239,-0.006292,0.005992,0.002249,0.559650,0.349859,-0.633493,-0.403828,93.005815,-25.245881,-98.185615
61008,NaN,4.197664,8.915758,-0.352583,-0.112770,0.024833,0.047440,-0.004992,0.000138,-0.000733,0.559645,0.349829,-0.633512,-0.403831,93.006314,-25.248237,-98.189108
61009,NaN,4.239529,8.884677,-0.381492,-0.089743,-0.028904,0.038594,-0.005508,0.002189,0.002531,0.559653,0.349794,-0.633531,-0.403822,93.006246,-25.252360,-98.191501
61010,NaN,4.226149,8.895234,-0.410923,-0.058608,-0.015489,0.043818,-0.006833,0.001352,-0.003342,0.559649,0.349770,-0.633539,-0.403835,93.005487,-25.253305,-98.194257
61011,NaN,4.214985,8.938603,-0.390456,-0.077110,0.015726,0.077256,-0.002891,0.002334,-0.003097,0.559641,0.349759,-0.633553,-0.403833,93.006799,-25.254212,-98.196372
61012,NaN,4.234338,8.906887,-0.429877,-0.040972,-0.019795,0.058734,-0.001316,0.002872,-0.004035,0.559631,0.349754,-0.633566,-0.403832,93.008439,-25.254673,-98.198426
61013,NaN,4.231820,8.961643,-0.429346,-0.040912,0.006061,0.107090,-0.003683,0.002428,-0.005218,0.559620,0.349748,-0.633574,-0.403839,93.009243,-25.254369,-98.200411
61014,NaN,4.266699,8.952248,-0.388586,-0.085996,-0.024454,0.111549,-0.002899,0.003060,-0.008277,0.559600,0.349743,-0.633580,-0.403861,93.009744,-25.252486,-98.203543
61015,NaN,4.221874,8.950888,-0.408919,-0.060387,0.012501,0.092162,0.000259,0.003410,-0.004973,0.559586,0.349750,-0.633594,-0.403853,93.012544,-25.252352,-98.204915
61016,NaN,4.226820,8.929535,-0.418611,-0.051868,-0.002284,0.075444,-0.003157,0.004085,-0.006645,0.559578,0.349751,-0.633597,-0.403859,93.013118,-25.251493,-98.206009
61017,NaN,4.239495,8.919351,-0.388264,-0.083985,-0.014601,0.070209,-0.000273,0.002479,-0.008727,0.559554,0.349767,-0.633605,-0.403865,93.015811,-25.249182,-98.207846
61018,NaN,4.228697,8.963184,-0.427969,-0.043261,0.008771,0.107078,-0.000273,0.002478,-0.008727,0.559532,0.349781,-0.633613,-0.403871,93.018211,-25.246965,-98.209592
61019,NaN,4.277521,8.943658,-0.417272,-0.060878,-0.042468,0.109752,0.001828,0.004674,-0.011092,0.559507,0.349814,-0.633616,-0.403873,93.021481,-25.243368,-98.209960
61020,NaN,4.217989,8.952763,-0.407973,-0.062813,0.015221,0.092143,-0.001853,0.002666,-0.012971,0.559482,0.349843,-0.633610,-0.403890,93.023146,-25.238790,-98.210572
61021,NaN,4.247858,8.965436,-0.417217,-0.057817,-0.007819,0.116764,0.000254,0.004136,-0.010155,0.559460,0.349868,-0.633613,-0.403895,93.025674,-25.235713,-98.211312
61022,NaN,4.216046,8.953691,-0.407695,-0.063689,0.016253,0.092136,-0.000278,-0.001231,-0.010567,0.559421,0.349874,-0.633628,-0.403920,93.028544,-25.232173,-98.216094
61023,NaN,4.198335,8.931741,-0.428134,-0.042118,0.019627,0.065732,0.004714,0.003068,-0.013176,0.559382,0.349919,-0.633637,-0.403922,93.033871,-25.227335,-98.217407
61024,NaN,4.228202,8.944413,-0.437578,-0.037136,-0.003389,0.090358,-0.002636,0.002032,-0.009914,0.559365,0.349939,-0.633636,-0.403930,93.035391,-25.224459,-98.217885
61025,NaN,4.226995,8.944982,-0.437604,-0.037635,-0.002860,0.090356,0.003920,-0.000547,-0.017138,0.559307,0.349986,-0.633647,-0.403951,93.041180,-25.217244,-98.221351
61026,NaN,4.211676,8.955735,-0.407957,-0.065706,0.018442,0.092119,-0.000530,0.003502,-0.007098,0.559292,0.349999,-0.633655,-0.403948,93.043600,-25.216158,-98.222340
61027,NaN,4.203124,8.944959,-0.447902,-0.025578,0.016445,0.080656,0.000780,0.001358,-0.008242,0.559264,0.350013,-0.633670,-0.403951,93.047204,-25.214091,-98.224899
61028,NaN,4.191448,8.988493,-0.427916,-0.044067,0.047723,0.114051,0.001046,0.004041,-0.008037,0.559248,0.350036,-0.633676,-0.403944,93.050121,-25.212357,-98.225022
61029,NaN,4.209584,8.956732,-0.407672,-0.067179,0.020051,0.092106,-0.001844,0.001937,-0.007794,0.559228,0.350043,-0.633685,-0.403953,93.052071,-25.210564,-98.227230
61030,NaN,4.176936,8.999550,-0.457583,-0.013420,0.061650,0.119286,-0.001840,0.001212,-0.002611,0.559216,0.350029,-0.633705,-0.403950,93.054175,-25.211913,-98.230230
61031,NaN,4.226254,8.979863,-0.446735,-0.031057,0.010419,0.121982,-0.002369,0.000279,-0.006367,0.559194,0.350027,-0.633720,-0.403959,93.056291,-25.210885,-98.233535
61032,NaN,4.203752,8.979200,-0.456773,-0.018452,0.029111,0.112282,-0.001575,0.003895,-0.002406,0.559200,0.350036,-0.633723,-0.403938,93.057710,-25.212080,-98.231982
61033,NaN,4.231374,8.958475,-0.456002,-0.023017,-0.003925,0.105286,-0.005511,0.002184,0.002531,0.559207,0.350000,-0.633742,-0.403929,93.057641,-25.216201,-98.234382
61034,NaN,4.209264,8.957646,-0.465705,-0.010453,0.014812,0.095586,-0.005515,0.002910,-0.002652,0.559213,0.349992,-0.633744,-0.403924,93.057384,-25.217457,-98.234407
61035,NaN,4.244637,8.948083,-0.424586,-0.055648,-0.015685,0.100035,-0.007086,0.006079,0.000124,0.559230,0.349968,-0.633745,-0.403921,93.055329,-25.220320,-98.234263
61036,NaN,4.227871,8.925738,-0.444064,-0.034007,-0.012362,0.073646,-0.004724,0.007250,-0.003874,0.559246,0.349972,-0.633733,-0.403913,93.053889,-25.220842,-98.231622
61037,NaN,4.227658,8.925878,-0.443288,-0.034506,-0.011834,0.073645,-0.006825,0.005053,-0.001509,0.559257,0.349952,-0.633734,-0.403915,93.052237,-25.222739,-98.232071
61038,NaN,4.254000,8.905068,-0.382414,-0.098185,-0.036988,0.063141,-0.003938,0.007883,-0.006935,0.559266,0.349967,-0.633718,-0.403914,93.050997,-25.221563,-98.229313
61039,NaN,4.231488,8.904428,-0.392114,-0.085604,-0.018269,0.053438,-0.002359,0.007696,-0.002690,0.559275,0.349968,-0.633718,-0.403900,93.051174,-25.222866,-98.228051
61040,NaN,4.230134,8.904382,-0.331684,-0.145249,-0.009838,0.049912,-0.005251,0.006318,-0.007631,0.559280,0.349982,-0.633703,-0.403905,93.049837,-25.221307,-98.225884
61041,NaN,4.255745,8.938828,-0.390450,-0.090129,-0.025382,0.094769,-0.000000,0.005160,-0.008527,0.559265,0.350003,-0.633705,-0.403905,93.051964,-25.219192,-98.226028
61042,NaN,4.223852,8.927098,-0.380643,-0.096096,-0.001327,0.070109,-0.002101,0.008123,-0.014691,0.559262,0.350063,-0.633673,-0.403906,93.052063,-25.213544,-98.220665
61043,NaN,4.225917,8.960634,-0.390156,-0.087070,0.009227,0.101741,0.002099,0.003649,-0.012732,0.559230,0.350100,-0.633676,-0.403914,93.055740,-25.208977,-98.221622
61044,NaN,4.211511,8.971636,-0.420266,-0.055956,0.022611,0.106993,0.001573,0.001991,-0.011306,0.559201,0.350134,-0.633682,-0.403915,93.059655,-25.205315,-98.222493
61045,NaN,4.188395,8.971235,-0.430642,-0.043370,0.041326,0.097286,0.001574,0.001991,-0.011306,0.559168,0.350162,-0.633691,-0.403923,93.063498,-25.201513,-98.224546
61046,NaN,4.218499,8.983844,-0.439941,-0.038374,0.018311,0.121945,-0.002100,0.002961,-0.006164,0.559160,0.350171,-0.633694,-0.403921,93.064753,-25.200700,-98.224741
61047,NaN,4.197971,9.015992,-0.400243,-0.075437,0.054969,0.140330,0.003674,-0.000245,-0.010327,0.559118,0.350197,-0.633716,-0.403923,93.070415,-25.197390,-98.228241
61048,NaN,4.194995,8.983614,-0.450455,-0.026294,0.037548,0.112236,0.001314,0.002290,-0.004489,0.559109,0.350218,-0.633727,-0.403900,93.074168,-25.197468,-98.227722
61049,NaN,4.225710,8.995944,-0.459717,-0.021349,0.014541,0.136901,-0.002362,0.003261,0.000653,0.559110,0.350199,-0.633746,-0.403884,93.075587,-25.200547,-98.229377
61050,NaN,4.181438,8.994240,-0.479945,0.004330,0.051447,0.117491,-0.004463,0.001788,-0.002166,0.559110,0.350187,-0.633756,-0.403880,93.076165,-25.202047,-98.230606
61051,NaN,4.222402,8.963060,-0.449025,-0.031864,0.005579,0.105261,-0.003673,0.005403,0.001796,0.559123,0.350165,-0.633768,-0.403861,93.076271,-25.205846,-98.230945
61052,NaN,4.196009,8.983961,-0.508437,0.030910,0.031749,0.115786,-0.006561,0.007006,0.003877,0.559155,0.350139,-0.633768,-0.403838,93.074114,-25.210853,-98.228954
61053,NaN,4.237353,8.952610,-0.477263,-0.005285,-0.014120,0.103559,-0.005775,0.003205,0.004161,0.559170,0.350100,-0.633786,-0.403824,93.073643,-25.215938,-98.230763
61054,NaN,4.215789,8.951532,-0.486668,0.007358,0.004561,0.093854,-0.009973,0.006950,0.007384,0.559218,0.350056,-0.633783,-0.403800,93.069467,-25.222879,-98.228273
61055,NaN,4.235042,8.919308,-0.465494,-0.015743,-0.023131,0.071924,-0.008661,0.005534,0.001056,0.559239,0.350023,-0.633784,-0.403800,93.066670,-25.226259,-98.228503
61056,NaN,4.252034,8.941630,-0.443964,-0.038397,-0.025327,0.098293,-0.010757,0.010750,0.007098,0.559295,0.349980,-0.633775,-0.403773,93.061660,-25.233554,-98.224761
61057,NaN,4.233629,8.973579,-0.462850,-0.016295,0.003423,0.120222,-0.007346,0.007098,0.001751,0.559320,0.349952,-0.633775,-0.403763,93.059205,-25.237379,-98.224026
61058,NaN,4.252654,8.941457,-0.441500,-0.039397,-0.024274,0.098292,-0.011804,0.012594,0.001422,0.559377,0.349937,-0.633742,-0.403748,93.052705,-25.241160,-98.217399
61059,NaN,4.257296,8.919578,-0.390145,-0.090042,-0.031216,0.078045,-0.011541,0.011569,-0.000212,0.559419,0.349912,-0.633717,-0.403749,93.046611,-25.243997,-98.213768
61060,NaN,4.235182,8.918788,-0.399020,-0.077429,-0.012495,0.068335,-0.009964,0.012109,-0.001150,0.559462,0.349899,-0.633690,-0.403744,93.041197,-25.246437,-98.208941
61061,NaN,4.229615,8.940455,-0.387536,-0.086950,0.003435,0.084988,-0.012853,0.010004,-0.000911,0.559500,0.349870,-0.633666,-0.403754,93.034763,-25.248826,-98.206275
61062,NaN,4.225991,8.907711,-0.376542,-0.096930,-0.006047,0.053348,-0.006025,0.010117,-0.007923,0.559512,0.349878,-0.633645,-0.403764,93.032035,-25.247444,-98.203760
61063,NaN,4.228928,8.940882,-0.385183,-0.087930,0.004535,0.084979,-0.011019,0.005085,-0.000138,0.559533,0.349841,-0.633640,-0.403775,93.027990,-25.250127,-98.204232
61064,NaN,4.225333,8.908092,-0.374895,-0.097933,-0.004924,0.053339,0.002106,0.002928,-0.007547,0.559506,0.349853,-0.633659,-0.403772,93.032049,-25.248862,-98.206990
61065,NaN,4.211368,8.918951,-0.404629,-0.066808,0.008422,0.058610,-0.005240,0.006317,-0.007640,0.559506,0.349858,-0.633649,-0.403784,93.030876,-25.247290,-98.206432
61066,NaN,4.216259,8.897699,-0.414168,-0.058233,-0.006482,0.041956,-0.000518,0.003505,-0.007103,0.559495,0.349877,-0.633651,-0.403779,93.032838,-25.245856,-98.206151
61067,NaN,4.227688,8.942375,-0.443297,-0.030721,-0.001245,0.088574,-0.001302,0.007304,-0.007388,0.559492,0.349895,-0.633646,-0.403776,93.033659,-25.244458,-98.204976
61068,NaN,4.234674,8.953811,-0.402750,-0.071834,0.001873,0.099943,-0.001560,0.009056,-0.010940,0.559492,0.349932,-0.633626,-0.403776,93.033594,-25.241081,-98.201414
61069,NaN,4.220530,8.964756,-0.432452,-0.040710,0.015218,0.105218,0.000011,0.005163,-0.008531,0.559476,0.349953,-0.633628,-0.403775,93.035728,-25.238964,-98.201555
61070,NaN,4.188882,8.952849,-0.423000,-0.046582,0.039235,0.080515,0.002636,0.004586,-0.008976,0.559461,0.349992,-0.633629,-0.403761,93.039288,-25.236474,-98.200053
61071,NaN,4.196755,8.964685,-0.442584,-0.028566,0.034415,0.095502,-0.000247,0.006914,-0.012084,0.559445,0.350027,-0.633619,-0.403768,93.040752,-25.232377,-98.198967
61072,NaN,4.240176,8.966807,-0.421585,-0.055227,-0.001367,0.114921,-0.000779,0.004527,-0.005472,0.559436,0.350031,-0.633627,-0.403766,93.042269,-25.232106,-98.199982
61073,NaN,4.230720,8.955717,-0.401933,-0.074238,0.004513,0.099925,0.004997,0.001327,-0.009627,0.559398,0.350061,-0.633648,-0.403760,93.048278,-25.229245,-98.202512
61074,NaN,4.211248,8.988095,-0.422215,-0.052131,0.033302,0.121844,0.001318,0.002293,-0.004489,0.559382,0.350069,-0.633667,-0.403745,93.051971,-25.229541,-98.204101
61075,NaN,4.230703,8.956565,-0.461811,-0.016071,-0.002352,0.103557,-0.000779,0.004527,-0.005472,0.559372,0.350077,-0.633674,-0.403740,93.053868,-25.229155,-98.204747
61076,NaN,4.230253,8.956787,-0.461620,-0.016589,-0.001791,0.103556,0.000270,0.003410,-0.004981,0.559363,0.350090,-0.633685,-0.403724,93.056820,-25.229190,-98.204872
61077,NaN,4.229920,8.956959,-0.461337,-0.017089,-0.001263,0.103556,-0.002618,0.005009,-0.002903,0.559363,0.350086,-0.633692,-0.403717,93.057570,-25.230289,-98.205299
61078,NaN,4.240383,8.914144,-0.480955,0.000465,-0.031532,0.070285,-0.000244,0.006913,-0.012087,0.559347,0.350118,-0.633684,-0.403724,93.059071,-25.226458,-98.204522
61079,NaN,4.234242,8.936007,-0.470671,-0.009061,-0.015582,0.086920,-0.000257,0.005457,-0.001714,0.559347,0.350117,-0.633697,-0.403705,93.061071,-25.228251,-98.204706
61080,NaN,4.227292,8.957401,-0.400483,-0.077799,0.008401,0.099895,-0.002874,0.006760,-0.006457,0.559349,0.350131,-0.633692,-0.403697,93.061554,-25.227707,-98.203155
61081,NaN,4.219158,8.946568,-0.439951,-0.037646,0.006311,0.088549,-0.003402,0.008808,-0.003190,0.559362,0.350132,-0.633687,-0.403686,93.060827,-25.228758,-98.201170
61082,NaN,4.209905,8.935408,-0.419618,-0.056607,0.012210,0.073542,-0.002345,0.008418,-0.007886,0.559362,0.350146,-0.633677,-0.403689,93.060511,-25.227276,-98.199802
61083,NaN,4.220294,8.979718,-0.388839,-0.088285,0.025445,0.116510,-0.000776,0.004526,-0.005474,0.559353,0.350154,-0.633685,-0.403683,93.062410,-25.226889,-98.200448
61084,NaN,4.203300,8.957495,-0.408947,-0.066564,0.028688,0.090163,-0.000776,0.004526,-0.005474,0.559346,0.350162,-0.633690,-0.403679,93.063873,-25.226509,-98.200766
61085,NaN,4.230580,8.937008,-0.408267,-0.071160,-0.004361,0.083247,-0.002881,0.002326,-0.003111,0.559338,0.350152,-0.633703,-0.403677,93.065192,-25.227407,-98.202883
61086,NaN,4.197189,8.979345,-0.398321,-0.076560,0.045209,0.106778,-0.002097,0.002233,-0.000985,0.559332,0.350132,-0.633724,-0.403670,93.066862,-25.229709,-98.205649
61087,NaN,4.211351,8.969289,-0.427926,-0.049532,0.024960,0.105158,0.002633,0.003858,-0.003792,0.559317,0.350143,-0.633743,-0.403650,93.070918,-25.230264,-98.206774
61088,NaN,4.216643,8.947857,-0.437855,-0.040980,0.010098,0.088532,-0.001832,0.001209,-0.002619,0.559302,0.350124,-0.633767,-0.403650,93.073042,-25.231665,-98.210682
61089,NaN,4.188913,8.968580,-0.437947,-0.037376,0.044206,0.095434,-0.002361,0.003257,0.000649,0.559304,0.350105,-0.633785,-0.403635,93.074463,-25.234743,-98.212339
61090,NaN,4.225229,8.959400,-0.456904,-0.023478,0.005821,0.103541,-0.004193,0.000761,-0.003809,0.559297,0.350098,-0.633795,-0.403635,93.075422,-25.235268,-98.214013
61091,NaN,4.210634,8.969680,-0.426779,-0.051501,0.027133,0.105142,-0.003145,0.003350,-0.001477,0.559296,0.350084,-0.633808,-0.403628,93.076338,-25.237132,-98.215539
61092,NaN,4.226031,8.959957,-0.515667,0.034735,-0.001155,0.107235,-0.007346,0.003383,-0.000099,0.559313,0.350064,-0.633807,-0.403624,93.074426,-25.239580,-98.215046
61093,NaN,4.221700,8.926657,-0.445386,-0.034377,-0.002734,0.071903,-0.005505,0.006606,-0.000829,0.559328,0.350048,-0.633807,-0.403617,93.073121,-25.241914,-98.214534
61094,NaN,4.224965,8.959662,-0.454198,-0.025323,0.007870,0.103535,-0.008658,0.005523,0.001041,0.559349,0.350012,-0.633806,-0.403621,93.069726,-25.245247,-98.214962
61095,NaN,4.244774,8.928074,-0.492902,0.010730,-0.027831,0.085326,-0.006808,0.009474,-0.004876,0.559367,0.350011,-0.633789,-0.403625,93.066842,-25.245354,-98.212498
61096,NaN,4.188310,8.969120,-0.432619,-0.040666,0.047851,0.095404,-0.012594,0.008236,0.002624,0.559411,0.349971,-0.633772,-0.403624,93.060838,-25.249730,-98.210132
61097,NaN,4.215866,8.948557,-0.430977,-0.045272,0.014798,0.088508,-0.008118,0.007909,-0.005576,0.559424,0.349965,-0.633756,-0.403636,93.057615,-25.249388,-98.208635
61098,NaN,4.228973,8.938156,-0.399701,-0.077353,0.002517,0.083201,-0.009176,0.012001,0.000958,0.559472,0.349952,-0.633731,-0.403621,93.052471,-25.252852,-98.203229
61099,NaN,4.228956,8.938220,-0.398440,-0.077852,0.003047,0.083197,-0.008646,0.009955,-0.002310,0.559500,0.349938,-0.633713,-0.403622,93.048441,-25.254441,-98.200547
61100,NaN,4.214345,8.948502,-0.367644,-0.105838,0.024410,0.084775,-0.007333,0.007815,-0.003451,0.559515,0.349922,-0.633704,-0.403630,93.045564,-25.255559,-98.199986
61101,NaN,4.247301,8.906452,-0.376294,-0.101415,-0.024092,0.061277,-0.007332,0.007815,-0.003452,0.559532,0.349911,-0.633693,-0.403634,93.042847,-25.256430,-98.198619
61102,NaN,4.228008,8.938796,-0.395575,-0.079242,0.004629,0.083186,-0.004178,0.005195,-0.007161,0.559534,0.349925,-0.633680,-0.403637,93.042070,-25.254899,-98.196896
61103,NaN,4.227659,8.938989,-0.394938,-0.079741,0.005159,0.083181,-0.005766,0.003923,-0.001039,0.559540,0.349904,-0.633687,-0.403636,93.041335,-25.257031,-98.198072
61104,NaN,4.219656,8.928161,-0.434471,-0.039569,0.003051,0.071884,-0.003130,0.004079,-0.006668,0.559533,0.349909,-0.633689,-0.403640,93.041966,-25.256124,-98.198561
61105,NaN,4.235645,8.950865,-0.413489,-0.062250,0.000905,0.098204,-0.006283,0.002993,-0.004800,0.559530,0.349896,-0.633690,-0.403653,93.041133,-25.256076,-98.200199
61106,NaN,4.224346,8.907087,-0.443387,-0.031486,-0.011342,0.055280,-0.002348,0.003985,-0.004541,0.559525,0.349894,-0.633697,-0.403651,93.042010,-25.256283,-98.201105
61107,NaN,4.209536,8.917408,-0.413434,-0.059499,0.009984,0.056843,0.000277,0.003411,-0.004982,0.559511,0.349901,-0.633711,-0.403643,93.044820,-25.256144,-98.202472
61108,NaN,4.248823,8.941379,-0.442160,-0.036123,-0.018330,0.096633,-0.002347,0.003985,-0.004542,0.559510,0.349906,-0.633712,-0.403638,93.045526,-25.256155,-98.202211
61109,NaN,4.234003,8.951706,-0.412092,-0.064136,0.003000,0.098192,-0.000506,0.007209,-0.005270,0.559509,0.349919,-0.633713,-0.403626,93.046858,-25.255967,-98.201166
61110,NaN,4.211245,8.951143,-0.422372,-0.051446,0.021668,0.088465,0.002915,0.003568,-0.010613,0.559482,0.349952,-0.633720,-0.403624,93.050835,-25.252721,-98.201799
61111,NaN,4.216065,8.929970,-0.432148,-0.042909,0.006736,0.071868,-0.004176,0.005194,-0.007164,0.559477,0.349957,-0.633716,-0.403633,93.050581,-25.251388,-98.201966
61112,NaN,4.226295,8.974281,-0.401449,-0.074662,0.020092,0.114773,0.002120,0.002931,-0.007551,0.559458,0.349985,-0.633727,-0.403618,93.054731,-25.249898,-98.202100
61113,NaN,4.203685,8.973651,-0.411540,-0.062005,0.038745,0.105044,-0.006282,0.002991,-0.004802,0.559455,0.349972,-0.633729,-0.403631,93.053899,-25.249849,-98.203739
61114,NaN,4.217735,8.963734,-0.440849,-0.034923,0.018468,0.103492,-0.000252,0.001752,-0.003556,0.559440,0.349965,-0.633748,-0.403627,93.056424,-25.250520,-98.206508
61115,NaN,4.253793,8.954742,-0.459941,-0.021071,-0.019929,0.111669,-0.002080,0.002961,-0.006177,0.559426,0.349969,-0.633756,-0.403630,93.057986,-25.249683,-98.208120
61116,NaN,4.216939,8.964134,-0.440337,-0.035897,0.019528,0.103486,-0.001565,0.003891,-0.002416,0.559427,0.349969,-0.633765,-0.403615,93.059493,-25.251062,-98.208080
61117,NaN,4.244222,8.943692,-0.439571,-0.040519,-0.013529,0.096624,-0.003127,0.004077,-0.006672,0.559418,0.349973,-0.633767,-0.403621,93.060148,-25.249976,-98.208969
61118,NaN,4.224975,8.975993,-0.459062,-0.018388,0.015237,0.118527,-0.005236,0.005579,-0.002470,0.559430,0.349966,-0.633764,-0.403616,93.059000,-25.251318,-98.207978
61119,NaN,4.230246,8.954637,-0.468482,-0.009849,0.000296,0.101942,-0.001552,0.008324,-0.005766,0.559433,0.349980,-0.633759,-0.403607,93.059424,-25.250881,-98.206210
61120,NaN,4.215484,8.964933,-0.437985,-0.037824,0.021637,0.103475,-0.008907,0.007267,-0.002525,0.559456,0.349964,-0.633744,-0.403612,93.055762,-25.252304,-98.204445
61121,NaN,4.219636,8.943099,-0.387631,-0.088421,0.014731,0.083098,0.001590,0.004977,-0.004284,0.559446,0.349976,-0.633758,-0.403595,93.058911,-25.252612,-98.204845
61122,NaN,4.241323,8.944200,-0.376795,-0.102068,-0.002842,0.092820,-0.006016,0.005671,-0.004599,0.559454,0.349970,-0.633751,-0.403599,93.057408,-25.252839,-98.204251
61123,NaN,4.210127,8.932019,-0.366921,-0.107866,0.021140,0.068035,-0.002611,0.005006,-0.002911,0.559454,0.349966,-0.633758,-0.403591,93.058163,-25.253933,-98.204679
61124,NaN,4.240711,8.944539,-0.375641,-0.103030,-0.001769,0.092811,-0.004968,0.004556,-0.004106,0.559456,0.349957,-0.633759,-0.403595,93.057442,-25.254419,-98.205211
61125,NaN,4.210654,8.932834,-0.425664,-0.049687,0.014165,0.071828,-0.002344,0.003983,-0.004545,0.559450,0.349956,-0.633766,-0.403593,93.058602,-25.254548,-98.206230
61126,NaN,4.241246,8.945352,-0.434495,-0.044826,-0.008752,0.096610,-0.004451,0.001781,-0.002184,0.559444,0.349932,-0.633780,-0.403600,93.058757,-25.256025,-98.209318
61127,NaN,4.209947,8.933210,-0.424752,-0.050615,0.015224,0.071822,-0.004434,0.002511,-0.007375,0.559430,0.349931,-0.633783,-0.403615,93.059075,-25.254489,-98.211174
61128,NaN,4.262289,8.946792,-0.423065,-0.058972,-0.025801,0.106336,-0.002860,0.006758,-0.006468,0.559435,0.349947,-0.633774,-0.403610,93.058997,-25.253627,-98.209135
61129,NaN,4.225125,8.956293,-0.403454,-0.073800,0.013657,0.098116,-0.000233,0.002483,-0.008748,0.559411,0.349962,-0.633782,-0.403615,93.061710,-25.251304,-98.210961
61130,NaN,4.208089,8.934142,-0.423577,-0.052117,0.016834,0.071812,-0.003390,0.005098,-0.005041,0.559415,0.349973,-0.633780,-0.403606,93.062201,-25.251312,-98.209541
61131,NaN,4.244110,8.925224,-0.442437,-0.038290,-0.021565,0.080033,-0.002076,0.002961,-0.006181,0.559401,0.349976,-0.633788,-0.403609,93.063766,-25.250474,-98.211152
61132,NaN,4.223496,8.957118,-0.402205,-0.075255,0.015265,0.098102,-0.005747,0.004647,-0.006237,0.559400,0.349970,-0.633782,-0.403624,93.062280,-25.249668,-98.211739
61133,NaN,4.206528,8.934954,-0.421944,-0.053534,0.018410,0.071801,-0.005746,0.004647,-0.006237,0.559398,0.349966,-0.633778,-0.403637,93.061286,-25.248849,-98.212282
61134,NaN,4.236732,8.947683,-0.430501,-0.048724,-0.004510,0.096595,-0.004948,0.005284,-0.009300,0.559396,0.349983,-0.633763,-0.403648,93.060330,-25.246269,-98.210845
61135,NaN,4.241854,8.926427,-0.439804,-0.040180,-0.019471,0.080030,-0.008384,0.000784,-0.002448,0.559394,0.349952,-0.633771,-0.403665,93.058922,-25.247499,-98.213959
61136,NaN,4.193770,8.978823,-0.399696,-0.073021,0.050965,0.104914,-0.006013,0.005669,-0.004603,0.559401,0.349943,-0.633765,-0.403673,93.057128,-25.247688,-98.213898
61137,NaN,4.222198,8.958952,-0.458472,-0.018527,0.009839,0.101925,-0.003121,0.004076,-0.006677,0.559392,0.349947,-0.633767,-0.403680,93.057786,-25.246600,-98.214786
61138,NaN,4.216076,8.980743,-0.447826,-0.027964,0.025811,0.118483,-0.006012,0.005668,-0.004604,0.559402,0.349943,-0.633756,-0.403686,93.055670,-25.246550,-98.213728
61139,NaN,4.221369,8.959417,-0.457020,-0.019419,0.010847,0.101922,-0.007589,0.005124,-0.003671,0.559409,0.349927,-0.633752,-0.403696,93.053529,-25.247213,-98.214055
61140,NaN,4.228750,8.970533,-0.416035,-0.060540,0.014113,0.113138,-0.006810,0.005030,-0.001542,0.559421,0.349904,-0.633752,-0.403701,93.051525,-25.249151,-98.214641
61141,NaN,4.243058,8.960599,-0.444765,-0.033546,-0.006189,0.111653,-0.008903,0.007260,-0.002532,0.559440,0.349885,-0.633741,-0.403708,93.048071,-25.250530,-98.213655
61142,NaN,4.206377,8.969853,-0.424624,-0.048346,0.033280,0.103397,-0.003923,0.007141,-0.001774,0.559456,0.349883,-0.633738,-0.403692,93.047484,-25.252416,-98.211747
61143,NaN,4.233986,8.949317,-0.423514,-0.052988,0.000218,0.096574,-0.005500,0.006596,-0.000841,0.559471,0.349867,-0.633738,-0.403685,93.046183,-25.254744,-98.211238
61144,NaN,4.233958,8.949363,-0.422813,-0.053450,0.000769,0.096571,-0.004453,0.005481,-0.000346,0.559480,0.349845,-0.633746,-0.403679,93.045574,-25.257470,-98.212000
61145,NaN,4.233925,8.949417,-0.421997,-0.053950,0.001299,0.096569,-0.006282,0.010392,-0.001130,0.559508,0.349835,-0.633734,-0.403668,93.042796,-25.259747,-98.209079
61146,NaN,4.230711,8.916463,-0.411566,-0.063748,-0.008384,0.064938,-0.004453,0.005481,-0.000347,0.559522,0.349820,-0.633735,-0.403659,93.041738,-25.262156,-98.208538
61147,NaN,4.221853,8.905025,-0.391214,-0.082690,-0.002520,0.049854,-0.005498,0.006596,-0.000842,0.559537,0.349804,-0.633735,-0.403652,93.040438,-25.264482,-98.208029
61148,NaN,4.230344,8.916697,-0.410271,-0.064722,-0.007315,0.064932,-0.001277,0.007302,-0.007404,0.559535,0.349825,-0.633729,-0.403647,93.041141,-25.263167,-98.206288
61149,NaN,4.257413,8.896408,-0.409443,-0.069369,-0.040380,0.058120,-0.001276,0.007302,-0.007405,0.559532,0.349843,-0.633724,-0.403643,93.041975,-25.261760,-98.205111
61150,NaN,4.245556,8.939735,-0.389021,-0.087936,-0.008813,0.091207,-0.000761,0.004528,-0.005482,0.559523,0.349848,-0.633732,-0.403639,93.043733,-25.261522,-98.205901
61151,NaN,4.215228,8.928206,-0.439459,-0.034554,0.007045,0.070272,0.001885,0.004690,-0.011112,0.559498,0.349881,-0.633735,-0.403640,93.047030,-25.257915,-98.206252
61152,NaN,4.207477,8.949587,-0.369653,-0.103237,0.031225,0.082916,0.002131,0.002936,-0.007554,0.559474,0.349900,-0.633750,-0.403632,93.051124,-25.256553,-98.207860
61153,NaN,4.199339,8.938903,-0.409739,-0.063049,0.028993,0.071720,-0.001024,0.001846,-0.005689,0.559456,0.349902,-0.633765,-0.403633,93.053600,-25.255962,-98.210193
61154,NaN,4.238404,8.963109,-0.438526,-0.039811,0.000732,0.111632,0.002663,0.004596,-0.008982,0.559441,0.349940,-0.633765,-0.403621,93.056967,-25.253395,-98.208892
61155,NaN,4.210047,8.984019,-0.438760,-0.036159,0.034857,0.118429,-0.001806,0.005641,-0.005979,0.559436,0.349948,-0.633767,-0.403618,93.057966,-25.252754,-98.208813
61156,NaN,4.237285,8.963669,-0.437887,-0.040698,0.001715,0.111628,-0.003384,0.005096,-0.005047,0.559442,0.349959,-0.633758,-0.403614,93.057433,-25.252289,-98.206834
61157,NaN,4.201519,8.973561,-0.478040,0.003643,0.033072,0.107241,-0.000228,0.006186,-0.006912,0.559434,0.349976,-0.633759,-0.403608,93.059175,-25.251130,-98.206379
61158,NaN,4.220095,8.941642,-0.457606,-0.019415,0.005332,0.085350,-0.001567,0.007590,-0.000579,0.559451,0.349980,-0.633760,-0.403580,93.059675,-25.253639,-98.203754
61159,NaN,4.214258,8.963271,-0.446975,-0.028964,0.021377,0.101882,-0.004698,0.007231,-0.003909,0.559461,0.349977,-0.633755,-0.403578,93.058618,-25.254231,-98.202740
61160,NaN,4.241537,8.942918,-0.445923,-0.033538,-0.011689,0.095088,-0.002851,0.006755,-0.006476,0.559459,0.349980,-0.633751,-0.403584,93.058201,-25.253408,-98.202665
61161,NaN,4.204765,8.952161,-0.425810,-0.048312,0.027768,0.086780,-0.009437,0.009296,0.000728,0.559492,0.349953,-0.633738,-0.403580,93.053937,-25.256715,-98.200500
61162,NaN,4.245608,8.921081,-0.394530,-0.084585,-0.018039,0.074630,0.000281,0.007114,-0.003147,0.559498,0.349966,-0.633742,-0.403556,93.055645,-25.257788,-98.198672
61163,NaN,4.236483,8.909743,-0.374388,-0.103513,-0.012178,0.059527,-0.004696,0.007231,-0.003911,0.559507,0.349963,-0.633736,-0.403554,93.054588,-25.258378,-98.197657
61164,NaN,4.239384,8.942912,-0.383274,-0.094583,-0.001454,0.091150,-0.005228,0.005571,-0.002483,0.559516,0.349950,-0.633736,-0.403554,93.053367,-25.259790,-98.197637
61165,NaN,4.246049,8.922131,-0.452419,-0.026912,-0.024563,0.078557,-0.004426,0.006209,-0.005546,0.559518,0.349951,-0.633731,-0.403557,93.052717,-25.259413,-98.197213
61166,NaN,4.203382,8.952960,-0.422646,-0.050661,0.030371,0.086760,-0.002335,0.003981,-0.004553,0.559519,0.349961,-0.633730,-0.403549,93.053401,-25.259330,-98.196144
61167,NaN,4.244999,8.922683,-0.451394,-0.027842,-0.023555,0.078557,-0.003091,0.008508,-0.010038,0.559517,0.349985,-0.633714,-0.403556,93.052830,-25.256453,-98.194114
61168,NaN,4.225282,8.955190,-0.470891,-0.005727,0.005249,0.100441,-0.002045,0.007393,-0.009542,0.559513,0.350008,-0.633702,-0.403560,93.053002,-25.253897,-98.192439
61169,NaN,4.232035,8.966517,-0.430297,-0.046920,0.008568,0.111597,0.000571,0.010526,-0.008137,0.559514,0.350041,-0.633691,-0.403547,93.054013,-25.252170,-98.189196
61170,NaN,4.236973,8.945390,-0.439694,-0.038240,-0.006480,0.095076,-0.005713,0.009075,-0.009606,0.559522,0.350055,-0.633665,-0.403565,93.050955,-25.249391,-98.186562
61171,NaN,4.221670,8.955798,-0.409219,-0.066215,0.014910,0.096483,-0.003359,0.009527,-0.008406,0.559527,0.350075,-0.633648,-0.403568,93.049980,-25.247479,-98.183942
61172,NaN,4.198911,8.955228,-0.419039,-0.053480,0.033540,0.086735,-0.003621,0.006846,-0.008613,0.559523,0.350086,-0.633639,-0.403577,93.049514,-25.245572,-98.183451
61173,NaN,4.221633,8.957078,-0.467698,-0.008085,0.007875,0.100438,-0.003891,0.007867,-0.006979,0.559527,0.350096,-0.633629,-0.403580,93.048703,-25.244426,-98.181930
61174,NaN,4.206639,8.967329,-0.437237,-0.035977,0.029290,0.101839,-0.007579,0.005115,-0.003688,0.559531,0.350068,-0.633628,-0.403600,93.046087,-25.245267,-98.183910
61175,NaN,4.209317,9.000604,-0.446078,-0.027111,0.040027,0.133461,-0.004152,0.005186,-0.007186,0.559526,0.350073,-0.633624,-0.403609,93.045846,-25.243922,-98.184078
61176,NaN,4.202662,8.934770,-0.426207,-0.046338,0.020167,0.070206,-0.006804,0.005021,-0.001556,0.559539,0.350055,-0.633624,-0.403607,93.044240,-25.245947,-98.183992
61177,NaN,4.242227,8.958866,-0.454014,-0.023229,-0.008024,0.110180,-0.008894,0.007248,-0.002551,0.559558,0.350036,-0.633612,-0.403615,93.040793,-25.247316,-98.183012
61178,NaN,4.220023,8.958046,-0.463667,-0.010474,0.010569,0.100433,-0.004180,0.004454,-0.001990,0.559565,0.350026,-0.633617,-0.403608,93.040629,-25.248976,-98.183137
61179,NaN,4.210957,8.946670,-0.443271,-0.029387,0.016426,0.085314,-0.007315,0.007794,-0.003483,0.559581,0.350015,-0.633605,-0.403612,93.037926,-25.249828,-98.181779
61180,NaN,4.241647,8.959276,-0.451341,-0.024606,-0.006492,0.110177,-0.007323,0.011494,-0.001642,0.559621,0.350017,-0.633577,-0.403599,93.033594,-25.251585,-98.176014
61181,NaN,4.226932,8.969382,-0.420631,-0.052575,0.014910,0.111561,-0.006007,0.009361,-0.002780,0.559641,0.350011,-0.633566,-0.403594,93.031227,-25.252886,-98.173688
61182,NaN,4.242441,8.904431,-0.389998,-0.084940,-0.023079,0.058054,-0.007051,0.010474,-0.003279,0.559671,0.350010,-0.633542,-0.403590,93.027442,-25.253835,-98.169592
61183,NaN,4.217615,8.958160,-0.399205,-0.071909,0.021269,0.096432,-0.002338,0.007680,-0.002716,0.559680,0.350011,-0.633543,-0.403577,93.027631,-25.255122,-98.168332
61184,NaN,4.223029,8.936829,-0.408603,-0.063334,0.006293,0.079926,-0.005997,0.005660,-0.004623,0.559683,0.349998,-0.633541,-0.403586,93.026173,-25.255505,-98.169090
61185,NaN,4.225848,8.970041,-0.417440,-0.054480,0.017043,0.111547,-0.003382,0.008793,-0.003214,0.559696,0.350000,-0.633535,-0.403575,93.025456,-25.256541,-98.167109
61186,NaN,4.207850,8.947155,-0.377428,-0.091762,0.028256,0.081291,-0.007574,0.005113,-0.003694,0.559703,0.349979,-0.633532,-0.403589,93.023138,-25.257367,-98.168049
61187,NaN,4.222037,8.937402,-0.406320,-0.064796,0.007907,0.079915,-0.004417,0.006206,-0.005555,0.559705,0.349980,-0.633528,-0.403592,93.022493,-25.256985,-98.167627
61188,NaN,4.227308,8.916143,-0.415789,-0.056219,-0.007078,0.063415,-0.003373,0.005093,-0.005057,0.559702,0.349975,-0.633532,-0.403595,93.022670,-25.257087,-98.168550
61189,NaN,4.224367,8.970865,-0.414738,-0.056426,0.019230,0.111533,-0.003644,0.006113,-0.003422,0.559706,0.349972,-0.633533,-0.403590,93.022524,-25.257923,-98.168258
61190,NaN,4.251636,8.950560,-0.413829,-0.061124,-0.013776,0.104785,-0.001522,0.004620,-0.007623,0.559692,0.349978,-0.633539,-0.403595,93.024094,-25.256666,-98.169714
61191,NaN,4.207286,8.948831,-0.434433,-0.035142,0.022845,0.085282,-0.003405,0.004359,0.000140,0.559697,0.349960,-0.633552,-0.403583,93.024609,-25.259487,-98.170650
61192,NaN,4.251059,8.950877,-0.412902,-0.062040,-0.012732,0.104781,-0.002837,0.006753,-0.006486,0.559698,0.349967,-0.633545,-0.403586,93.024153,-25.258565,-98.169955
61193,NaN,4.213994,8.960136,-0.393044,-0.076755,0.026729,0.096382,-0.005732,0.008338,-0.004420,0.559711,0.349965,-0.633534,-0.403587,93.022196,-25.258897,-98.168222
61194,NaN,4.250164,8.951363,-0.411564,-0.063008,-0.011625,0.104776,-0.001792,0.005640,-0.005988,0.559702,0.349963,-0.633540,-0.403591,93.023032,-25.258531,-98.169657
61195,NaN,4.213197,8.960563,-0.391863,-0.077718,0.027836,0.096372,-0.005221,0.005565,-0.002494,0.559710,0.349951,-0.633541,-0.403590,93.022144,-25.259882,-98.169743
61196,NaN,4.227554,8.950750,-0.420882,-0.050755,0.007521,0.095019,-0.003642,0.006112,-0.003424,0.559713,0.349944,-0.633544,-0.403586,93.022006,-25.260974,-98.169981
61197,NaN,4.233063,8.929386,-0.430452,-0.042196,-0.007514,0.078531,-0.001291,0.006566,-0.002220,0.559718,0.349944,-0.633551,-0.403570,93.023103,-25.262512,-98.169443
61198,NaN,4.196279,8.938495,-0.410717,-0.056839,0.031974,0.070120,-0.004958,0.008244,-0.002288,0.559730,0.349925,-0.633550,-0.403571,93.021292,-25.264265,-98.169521
61199,NaN,4.245697,8.919096,-0.399144,-0.074782,-0.019138,0.073139,-0.001791,0.005640,-0.005989,0.559725,0.349934,-0.633551,-0.403569,93.022298,-25.263618,-98.169443
61200,NaN,4.245315,8.919301,-0.398607,-0.075243,-0.018574,0.073137,-0.003379,0.008791,-0.003218,0.559735,0.349927,-0.633549,-0.403564,93.021370,-25.264875,-98.168681
61201,NaN,4.215356,8.907731,-0.448772,-0.021782,-0.002875,0.052292,-0.002289,0.004713,-0.009759,0.559720,0.349944,-0.633546,-0.403575,93.022288,-25.262043,-98.169064
61202,NaN,4.244096,8.919926,-0.397621,-0.076204,-0.017479,0.073131,-0.001527,0.008319,-0.005784,0.559720,0.349949,-0.633544,-0.403572,93.022518,-25.261827,-98.168582
61203,NaN,4.230291,8.930851,-0.427297,-0.045054,-0.004246,0.078521,-0.002288,0.004713,-0.009760,0.559705,0.349967,-0.633541,-0.403583,93.023436,-25.258994,-98.168964
61204,NaN,4.211699,8.908179,-0.387700,-0.082307,0.006979,0.048223,-0.002288,0.004713,-0.009761,0.559688,0.349976,-0.633541,-0.403599,93.024221,-25.256408,-98.170411
61205,NaN,4.235912,8.942627,-0.386295,-0.086733,-0.000274,0.089597,-0.001752,0.006373,-0.011190,0.559674,0.350003,-0.633531,-0.403610,93.024978,-25.252808,-98.169696
61206,NaN,4.230670,8.965243,-0.435588,-0.037133,0.007605,0.110138,-0.001752,0.006373,-0.011191,0.559665,0.350033,-0.633517,-0.403618,93.025325,-25.249126,-98.168122
61207,NaN,4.184177,8.963139,-0.396686,-0.070205,0.052396,0.086549,0.001654,0.002016,-0.011328,0.559631,0.350061,-0.633527,-0.403626,93.029206,-25.245315,-98.170158
61208,NaN,4.219783,8.954653,-0.415804,-0.056461,0.014035,0.094981,0.000610,0.003128,-0.011829,0.559598,0.350077,-0.633535,-0.403646,93.031858,-25.241531,-98.173298
61209,NaN,4.214675,8.977184,-0.465476,-0.006924,0.021933,0.115528,0.002414,0.005622,-0.007353,0.559582,0.350102,-0.633543,-0.403634,93.035259,-25.240104,-98.173186
61210,NaN,4.243214,8.989463,-0.414624,-0.061328,0.007358,0.136353,-0.002273,0.001012,-0.011606,0.559547,0.350103,-0.633552,-0.403668,93.036738,-25.236344,-98.177925
61211,NaN,4.213010,8.977994,-0.464924,-0.007851,0.023023,0.115525,-0.004137,0.005182,-0.007199,0.559542,0.350108,-0.633548,-0.403677,93.036506,-25.234991,-98.178097
61212,NaN,4.190500,8.977281,-0.474975,0.004966,0.041602,0.105766,-0.002323,0.003977,-0.004564,0.559533,0.350100,-0.633558,-0.403679,93.037405,-25.235308,-98.180028
61213,NaN,4.230821,8.946489,-0.444009,-0.031396,-0.004168,0.093657,-0.000979,0.006278,-0.009059,0.559522,0.350122,-0.633554,-0.403682,93.038660,-25.232924,-98.179444
61214,NaN,4.203968,8.967953,-0.503701,0.031429,0.021769,0.104458,-0.005989,0.005652,-0.004635,0.559528,0.350114,-0.633549,-0.403688,93.037173,-25.233226,-98.179340
61215,NaN,4.202089,8.967507,-0.443217,-0.028161,0.030523,0.100357,-0.004945,0.004540,-0.004136,0.559529,0.350106,-0.633550,-0.403692,93.036695,-25.233607,-98.180020
61216,NaN,4.217917,8.990197,-0.421726,-0.050984,0.028636,0.126573,-0.007815,0.010555,-0.005430,0.559556,0.350112,-0.633523,-0.403692,93.032890,-25.233508,-98.175624
61217,NaN,4.207112,8.946468,-0.451527,-0.020089,0.016002,0.083892,-0.003640,0.006108,-0.003430,0.559560,0.350108,-0.633524,-0.403687,93.032747,-25.234340,-98.175336
61218,NaN,4.214180,8.957534,-0.410552,-0.061203,0.019400,0.094944,-0.007306,0.007783,-0.003501,0.559580,0.350098,-0.633509,-0.403693,93.029405,-25.235072,-98.173495
61219,NaN,4.227063,8.947100,-0.379581,-0.093355,0.007243,0.089534,-0.005218,0.005559,-0.002501,0.559587,0.350086,-0.633510,-0.403692,93.028519,-25.236419,-98.173586
61220,NaN,4.219560,8.936318,-0.419015,-0.053106,0.004861,0.078480,-0.006797,0.005010,-0.001572,0.559602,0.350070,-0.633507,-0.403690,93.026671,-25.238286,-98.173092
61221,NaN,4.222450,8.969491,-0.427831,-0.044290,0.015658,0.110099,-0.003638,0.006107,-0.003431,0.559606,0.350067,-0.633508,-0.403685,93.026528,-25.239118,-98.172804
61222,NaN,4.232165,8.926034,-0.387576,-0.085744,-0.006712,0.073066,-0.004943,0.004540,-0.004138,0.559605,0.350051,-0.633513,-0.403693,93.026028,-25.239808,-98.174496
61223,NaN,4.242420,8.938390,-0.466375,-0.008783,-0.019751,0.092360,-0.003405,0.004354,0.000134,0.559610,0.350033,-0.633526,-0.403680,93.026543,-25.242627,-98.175437
61224,NaN,4.212931,8.958310,-0.406402,-0.064092,0.022621,0.094919,-0.005724,0.008331,-0.004432,0.559627,0.350033,-0.633511,-0.403680,93.024229,-25.242954,-98.173067
61225,NaN,4.203757,8.946902,-0.386285,-0.082961,0.028477,0.079742,-0.001812,0.001205,-0.002637,0.559615,0.350023,-0.633531,-0.403676,93.026467,-25.244091,-98.175908
61226,NaN,4.221309,8.970156,-0.425139,-0.046659,0.018368,0.110083,-0.001289,0.006563,-0.002224,0.559618,0.350016,-0.633539,-0.403664,93.027197,-25.245753,-98.176059
61227,NaN,4.234313,8.959634,-0.394626,-0.078813,0.006219,0.104668,-0.001825,0.004902,-0.000795,0.559621,0.350007,-0.633551,-0.403648,93.028456,-25.248056,-98.176622
61228,NaN,4.196051,8.936244,-0.425478,-0.043615,0.027171,0.068694,-0.002087,0.002223,-0.001001,0.559614,0.349985,-0.633572,-0.403644,93.029919,-25.250293,-98.179731
61229,NaN,4.243045,8.971305,-0.413596,-0.061385,0.001971,0.119836,-0.002086,0.002223,-0.001001,0.559609,0.349970,-0.633591,-0.403634,93.031749,-25.252398,-98.181982
61230,NaN,4.199000,8.969381,-0.434496,-0.035272,0.038540,0.100307,-0.001043,0.001112,-0.000501,0.559598,0.349949,-0.633619,-0.403625,93.034303,-25.254963,-98.185667
61231,NaN,4.221027,8.970354,-0.423766,-0.049061,0.021068,0.110066,-0.001318,0.002130,0.001135,0.559595,0.349929,-0.633644,-0.403607,93.036628,-25.258287,-98.188050
61232,NaN,4.232796,8.927340,-0.443464,-0.031387,-0.009614,0.077184,-0.005258,0.004823,0.002698,0.559612,0.349897,-0.633655,-0.403594,93.035696,-25.262663,-98.188820
61233,NaN,4.232853,8.927348,-0.442763,-0.031886,-0.009086,0.077183,-0.007056,0.002330,-0.001782,0.559614,0.349871,-0.633662,-0.403602,93.034638,-25.264324,-98.190979
61234,NaN,4.232754,8.927422,-0.442214,-0.032345,-0.008524,0.077182,-0.001825,0.004902,-0.000795,0.559613,0.349852,-0.633679,-0.403593,93.035674,-25.266851,-98.192974
61235,NaN,4.239918,8.938392,-0.401487,-0.073563,-0.005053,0.088197,-0.003374,0.008786,-0.003226,0.559626,0.349854,-0.633674,-0.403582,93.034962,-25.267882,-98.191000
61236,NaN,4.248535,8.950126,-0.420430,-0.055664,-0.009844,0.103379,-0.003636,0.006107,-0.003433,0.559633,0.349851,-0.633673,-0.403577,93.034583,-25.268778,-98.190344
61237,NaN,4.244954,8.917343,-0.410205,-0.065460,-0.019603,0.071757,-0.006214,0.007404,-0.008208,0.559637,0.349858,-0.633656,-0.403591,93.032546,-25.266917,-98.189076
61238,NaN,4.244252,8.917708,-0.409536,-0.066005,-0.019029,0.071755,-0.002549,0.005731,-0.008134,0.559634,0.349880,-0.633650,-0.403587,93.033402,-25.265275,-98.187400
61239,NaN,4.224838,8.950048,-0.428999,-0.043910,0.009786,0.093606,-0.004678,0.007218,-0.003935,0.559643,0.349877,-0.633645,-0.403585,93.032357,-25.265852,-98.186394
61240,NaN,4.228410,8.928197,-0.378639,-0.094363,0.003009,0.072990,-0.004619,0.004256,-0.010980,0.559623,0.349877,-0.633641,-0.403617,93.031699,-25.262546,-98.188968
61241,NaN,4.230841,8.961574,-0.387756,-0.085570,0.013835,0.104604,0.001871,0.007661,-0.004082,0.559622,0.349895,-0.633648,-0.403594,93.034284,-25.263053,-98.187676
61242,NaN,4.208395,8.960818,-0.398023,-0.072703,0.032334,0.094832,-0.003084,0.004069,-0.006707,0.559616,0.349902,-0.633645,-0.403599,93.034551,-25.261878,-98.187646
61243,NaN,4.213639,8.939634,-0.407721,-0.064137,0.017241,0.078401,-0.002041,0.002958,-0.006205,0.559603,0.349906,-0.633653,-0.403602,93.036134,-25.261027,-98.189259
61244,NaN,4.216269,8.972911,-0.416940,-0.055334,0.028089,0.110016,-0.001273,0.002865,-0.004068,0.559594,0.349906,-0.633666,-0.403595,93.038151,-25.261521,-98.190580
61245,NaN,4.221652,8.951656,-0.426814,-0.046768,0.012995,0.093589,-0.000997,0.001847,-0.005704,0.559576,0.349908,-0.633680,-0.403595,93.040640,-25.260923,-98.192913
61246,NaN,4.208127,8.962467,-0.456749,-0.015649,0.026274,0.099014,-0.001273,0.002865,-0.004068,0.559562,0.349900,-0.633699,-0.403591,93.043069,-25.261763,-98.195647
61247,NaN,4.248710,8.931555,-0.425821,-0.052052,-0.019470,0.086931,-0.002853,0.002315,-0.003141,0.559554,0.349890,-0.633713,-0.403590,93.044405,-25.262647,-98.197770
61248,NaN,4.213299,8.941327,-0.466367,-0.007572,0.011730,0.082591,0.001350,0.002304,-0.004495,0.559537,0.349897,-0.633732,-0.403577,93.048103,-25.262926,-98.199643
61249,NaN,4.214413,8.973834,-0.415843,-0.057862,0.030861,0.109993,-0.003895,0.003426,-0.003642,0.559533,0.349888,-0.633740,-0.403578,93.048534,-25.263556,-98.201046
61250,NaN,4.218506,8.920180,-0.475895,0.000558,-0.002827,0.066172,0.001335,0.006001,-0.002653,0.559527,0.349886,-0.633756,-0.403563,93.050921,-25.264991,-98.202072
61251,NaN,4.235883,8.975090,-0.404795,-0.072114,0.013963,0.119755,0.000031,0.004433,-0.003361,0.559520,0.349889,-0.633769,-0.403549,93.053335,-25.265813,-98.202848
61252,NaN,4.219363,8.952817,-0.425097,-0.050221,0.016854,0.093566,-0.003358,0.005086,-0.005073,0.559522,0.349894,-0.633767,-0.403545,93.053553,-25.265770,-98.202237
61253,NaN,4.227895,8.964605,-0.444108,-0.032376,0.012060,0.108768,-0.003634,0.006104,-0.003437,0.559526,0.349890,-0.633768,-0.403540,93.053414,-25.266599,-98.201953
61254,NaN,4.224566,8.931707,-0.433912,-0.042128,0.002265,0.077148,-0.006256,0.006665,-0.003011,0.559545,0.349888,-0.633757,-0.403534,93.051475,-25.267649,-98.199542
61255,NaN,4.212583,8.974811,-0.413280,-0.060762,0.034069,0.109966,0.000308,0.003415,-0.004997,0.559531,0.349895,-0.633771,-0.403526,93.054298,-25.267504,-98.200906
61256,NaN,4.212265,8.974989,-0.412671,-0.061192,0.034572,0.109961,-0.008878,0.007225,-0.002586,0.559554,0.349880,-0.633755,-0.403532,93.050403,-25.268754,-98.198964
61257,NaN,4.217712,8.953745,-0.421930,-0.052622,0.019463,0.093549,-0.002819,0.006747,-0.006504,0.559553,0.349890,-0.633750,-0.403532,93.050513,-25.267849,-98.198169
61258,NaN,4.239257,8.954970,-0.410830,-0.066430,0.002022,0.103318,-0.003893,0.003425,-0.003644,0.559554,0.349887,-0.633754,-0.403527,93.050871,-25.268518,-98.198370
61259,NaN,4.275583,8.946320,-0.429173,-0.052846,-0.036385,0.111895,-0.007020,0.006757,-0.005151,0.559563,0.349881,-0.633743,-0.403537,93.048591,-25.268387,-98.197614
61260,NaN,4.231255,8.944543,-0.449528,-0.026670,0.000120,0.092348,-0.004674,0.007214,-0.003941,0.559571,0.349874,-0.633740,-0.403537,93.047395,-25.269154,-98.197129
61261,NaN,4.213070,8.921547,-0.409933,-0.063842,0.011293,0.061917,-0.000733,0.004525,-0.005500,0.559562,0.349882,-0.633747,-0.403532,93.049314,-25.268755,-98.197774
61262,NaN,4.230463,8.944967,-0.448547,-0.027612,0.001171,0.092345,-0.004674,0.007214,-0.003941,0.559572,0.349878,-0.633740,-0.403531,93.047911,-25.269336,-98.196632
61263,NaN,4.206284,8.943498,-0.398828,-0.073850,0.027990,0.078309,-0.000960,0.006279,-0.009069,0.559561,0.349900,-0.633736,-0.403533,93.049176,-25.266948,-98.196046
61264,NaN,4.240594,8.934266,-0.357598,-0.119324,-0.002113,0.082634,-0.005423,0.003610,-0.007923,0.559560,0.349912,-0.633726,-0.403542,93.048512,-25.265064,-98.195108
61265,NaN,4.240090,8.934528,-0.357033,-0.119822,-0.001581,0.082628,-0.003892,0.003424,-0.003646,0.559556,0.349903,-0.633734,-0.403543,93.048946,-25.265692,-98.196511
61266,NaN,4.241151,8.935590,-0.416405,-0.061220,-0.009359,0.086893,-0.002523,0.002032,-0.009985,0.559533,0.349913,-0.633737,-0.403561,93.050238,-25.262775,-98.198679
61267,NaN,4.231408,8.924395,-0.396570,-0.080050,-0.003508,0.071669,-0.001219,0.003600,-0.009276,0.559514,0.349930,-0.633739,-0.403569,93.052074,-25.260187,-98.199781
61268,NaN,4.226532,8.946951,-0.446022,-0.030498,0.004356,0.092336,-0.002295,0.000278,-0.006417,0.559490,0.349921,-0.633755,-0.403584,93.053880,-25.259243,-98.203812
61269,NaN,4.225818,8.947303,-0.445713,-0.030997,0.004885,0.092334,-0.002261,0.004710,-0.009780,0.559475,0.349939,-0.633752,-0.403595,93.054812,-25.256401,-98.204195
61270,NaN,4.224999,8.947709,-0.445337,-0.031469,0.005414,0.092332,-0.000958,0.006279,-0.009071,0.559469,0.349966,-0.633744,-0.403593,93.055915,-25.254037,-98.202553
61271,NaN,4.240534,8.970468,-0.424207,-0.054376,0.003638,0.118496,-0.005194,0.001854,-0.004357,0.559461,0.349952,-0.633752,-0.403603,93.056015,-25.254211,-98.204925
61272,NaN,4.216553,8.937476,-0.484859,0.008296,0.003454,0.081392,0.003245,0.006271,-0.010423,0.559444,0.349996,-0.633750,-0.403591,93.059502,-25.251068,-98.203220
61273,NaN,4.223276,8.948579,-0.444189,-0.032939,0.007000,0.092327,-0.006531,0.007678,-0.001381,0.559463,0.349981,-0.633745,-0.403587,93.057308,-25.253121,-98.202008
61274,NaN,4.208297,8.958549,-0.413875,-0.060848,0.028510,0.093480,-0.002050,0.006652,-0.004369,0.559472,0.349998,-0.633739,-0.403567,93.057997,-25.253449,-98.199099
61275,NaN,4.219906,9.003412,-0.442352,-0.033772,0.034064,0.140323,-0.003630,0.006101,-0.003442,0.559477,0.349995,-0.633740,-0.403562,93.057861,-25.254275,-98.198816
61276,NaN,4.185759,8.957851,-0.423401,-0.048487,0.047528,0.083693,-0.002328,0.007670,-0.002733,0.559490,0.350002,-0.633736,-0.403543,93.057950,-25.255585,-98.196295
61277,NaN,4.225410,8.982189,-0.451296,-0.025682,0.019466,0.123934,-0.004446,0.005457,-0.000376,0.559501,0.349985,-0.633743,-0.403533,93.057565,-25.258145,-98.196522
61278,NaN,4.207521,8.959023,-0.411507,-0.062714,0.030606,0.093462,-0.004949,0.008228,-0.002310,0.559518,0.349974,-0.633735,-0.403531,93.055400,-25.259626,-98.195192
61279,NaN,4.235303,8.938654,-0.410132,-0.067481,-0.002484,0.086857,-0.008908,0.002785,0.000767,0.559529,0.349936,-0.633742,-0.403537,93.053195,-25.262760,-98.197147
61280,NaN,4.235242,8.938711,-0.409524,-0.067977,-0.001934,0.086853,-0.001545,0.003881,-0.002437,0.559528,0.349933,-0.633754,-0.403524,93.054863,-25.264217,-98.197728
61281,NaN,4.226179,8.927187,-0.389427,-0.086794,0.003913,0.071612,-0.006789,0.004998,-0.001590,0.559538,0.349913,-0.633755,-0.403526,93.053241,-25.266069,-98.198204
61282,NaN,4.234959,8.938899,-0.408344,-0.068954,-0.000877,0.086847,-0.003125,0.003330,-0.001510,0.559542,0.349906,-0.633763,-0.403512,93.054044,-25.267927,-98.198267
61283,NaN,4.221682,8.949635,-0.438035,-0.037788,0.012287,0.092304,-0.003889,0.003422,-0.003650,0.559539,0.349898,-0.633771,-0.403513,93.054480,-25.268552,-98.199670
61284,NaN,4.227238,8.928363,-0.447633,-0.029109,-0.002903,0.075929,-0.003888,0.003422,-0.003650,0.559540,0.349893,-0.633772,-0.403514,93.054226,-25.268990,-98.199890
61285,NaN,4.226908,8.928548,-0.447072,-0.029607,-0.002375,0.075928,-0.004930,0.004532,-0.004154,0.559541,0.349885,-0.633773,-0.403518,93.053758,-25.269361,-98.200575
61286,NaN,4.239364,8.918235,-0.416606,-0.061751,-0.014483,0.070463,0.001410,0.003043,-0.009703,0.559520,0.349917,-0.633777,-0.403513,93.057124,-25.266516,-98.200469
61287,NaN,4.222805,8.983694,-0.445690,-0.030427,0.024712,0.123909,-0.007273,0.004072,-0.005368,0.559521,0.349905,-0.633773,-0.403529,93.055420,-25.266178,-98.201403
61288,NaN,4.225238,8.929397,-0.445898,-0.031043,-0.000802,0.075924,0.001616,0.004984,-0.004290,0.559515,0.349921,-0.633782,-0.403509,93.058318,-25.266476,-98.200883
61289,NaN,4.222205,8.984015,-0.444897,-0.031386,0.025765,0.123903,-0.004445,0.005455,-0.000378,0.559525,0.349904,-0.633789,-0.403499,93.057932,-25.269035,-98.201111
61290,NaN,4.249724,8.963766,-0.443960,-0.036169,-0.007289,0.117317,-0.000448,0.003508,-0.007141,0.559508,0.349914,-0.633798,-0.403498,93.060340,-25.267878,-98.202476
61291,NaN,4.225563,8.962172,-0.394552,-0.082366,0.019550,0.103179,-0.001005,0.005542,-0.003868,0.559506,0.349918,-0.633805,-0.403487,93.061852,-25.268444,-98.202531
61292,NaN,4.218009,8.951545,-0.434376,-0.042092,0.017005,0.092280,-0.003348,0.005083,-0.005082,0.559510,0.349929,-0.633799,-0.403480,93.061927,-25.268196,-98.200837
61293,NaN,4.226613,8.963346,-0.453451,-0.024283,0.012220,0.107529,-0.001284,0.006559,-0.002231,0.559515,0.349929,-0.633806,-0.403463,93.063028,-25.269729,-98.200304
61294,NaN,4.223404,8.930386,-0.443471,-0.033864,0.002319,0.075914,-0.005207,0.005547,-0.002520,0.559525,0.349915,-0.633802,-0.403468,93.061173,-25.270837,-98.200221
61295,NaN,4.245130,8.931538,-0.432441,-0.047722,-0.015092,0.085696,0.003179,0.009231,-0.003373,0.559528,0.349937,-0.633808,-0.403436,93.064092,-25.271798,-98.197958
61296,NaN,4.208189,8.940426,-0.412989,-0.062175,0.024330,0.077013,-0.006787,0.004995,-0.001594,0.559545,0.349924,-0.633802,-0.403433,93.061986,-25.273465,-98.196701
61297,NaN,4.235788,8.920148,-0.412011,-0.066954,-0.008765,0.070436,0.001618,0.004984,-0.004291,0.559535,0.349936,-0.633815,-0.403416,93.065144,-25.273771,-98.197094
61298,NaN,4.213536,8.919280,-0.422304,-0.054065,0.009724,0.060649,-0.005467,0.002869,-0.002727,0.559534,0.349916,-0.633823,-0.403422,93.064708,-25.275058,-98.199161
61299,NaN,4.235144,8.920493,-0.411157,-0.067926,-0.007684,0.070430,-0.003607,0.002404,-0.005290,0.559523,0.349911,-0.633831,-0.403428,93.065556,-25.274714,-98.201153
61300,NaN,4.243592,8.932374,-0.430256,-0.050058,-0.012466,0.085688,-0.003606,0.002404,-0.005290,0.559512,0.349901,-0.633839,-0.403439,93.065990,-25.274428,-98.203469
61301,NaN,4.257891,8.922840,-0.459507,-0.023175,-0.032941,0.084596,-0.002026,0.002956,-0.006217,0.559499,0.349905,-0.633847,-0.403442,93.067582,-25.273571,-98.205080
61302,NaN,4.245503,8.966010,-0.438999,-0.041808,-0.001065,0.117297,-0.001486,0.004617,-0.007647,0.559496,0.349932,-0.633840,-0.403434,93.068797,-25.271771,-98.202928
61303,NaN,4.228881,8.943844,-0.459152,-0.019858,0.001705,0.091160,-0.007269,0.004070,-0.005374,0.559496,0.349921,-0.633836,-0.403450,93.067096,-25.271430,-98.203862
61304,NaN,4.207574,8.975372,-0.418923,-0.056856,0.038964,0.108589,0.000095,0.005170,-0.008573,0.559486,0.349950,-0.633835,-0.403440,93.069528,-25.269450,-98.202641
61305,NaN,4.213053,8.954164,-0.428461,-0.048272,0.023800,0.092238,-0.006527,0.007671,-0.001390,0.559504,0.349935,-0.633829,-0.403436,93.067336,-25.271498,-98.201431
61306,NaN,4.212579,8.954418,-0.427808,-0.048695,0.024295,0.092234,-0.002246,0.004710,-0.009790,0.559494,0.349957,-0.633821,-0.403445,93.067770,-25.268523,-98.200721
61307,NaN,4.206045,8.976168,-0.417209,-0.058277,0.040522,0.108574,-0.003085,0.007759,-0.004879,0.559500,0.349963,-0.633815,-0.403440,93.067476,-25.268578,-98.199338
61308,NaN,4.230451,8.922927,-0.406620,-0.072181,-0.003027,0.070403,-0.004386,0.006190,-0.005591,0.559510,0.349974,-0.633801,-0.403438,93.066203,-25.267897,-98.196842
61309,NaN,4.216887,8.933821,-0.436227,-0.041012,0.010120,0.075882,-0.003064,0.004065,-0.006723,0.559501,0.349978,-0.633803,-0.403444,93.066892,-25.266783,-98.197733
61310,NaN,4.238372,8.935096,-0.425161,-0.054872,-0.007268,0.085668,-0.004143,0.000741,-0.003863,0.559492,0.349968,-0.633815,-0.403447,93.067831,-25.267280,-98.199926
61311,NaN,4.237945,8.935318,-0.424762,-0.055370,-0.006739,0.085665,-0.001763,0.005634,-0.006012,0.559487,0.349977,-0.633816,-0.403445,93.068852,-25.266621,-98.199849
61312,NaN,4.215464,8.934555,-0.434941,-0.042470,0.011730,0.075874,-0.002804,0.006742,-0.006517,0.559488,0.349988,-0.633810,-0.403443,93.068846,-25.265816,-98.198593
61313,NaN,4.214816,8.934879,-0.434569,-0.042968,0.012258,0.075871,0.000099,0.005170,-0.008575,0.559473,0.350010,-0.633812,-0.403442,93.071021,-25.263676,-98.198722
61314,NaN,4.229971,8.957771,-0.413552,-0.065866,0.010539,0.101993,-0.001962,0.003693,-0.011430,0.559456,0.350037,-0.633804,-0.403455,93.071938,-25.259746,-98.198431
61315,NaN,4.207168,8.957152,-0.423800,-0.052985,0.028991,0.092200,-0.002523,0.005725,-0.008156,0.559448,0.350050,-0.633800,-0.403461,93.072468,-25.257863,-98.198223
61316,NaN,4.206447,8.957511,-0.423378,-0.053443,0.029515,0.092196,-0.002781,0.003047,-0.008363,0.559435,0.350061,-0.633799,-0.403470,93.073308,-25.255782,-98.198968
61317,NaN,4.227675,8.958907,-0.412421,-0.067323,0.012124,0.101982,-0.001740,0.001939,-0.007858,0.559414,0.350069,-0.633808,-0.403479,93.075313,-25.253954,-98.201165
61318,NaN,4.204954,8.958241,-0.422753,-0.054445,0.030586,0.092187,-0.002241,0.004709,-0.009794,0.559404,0.350093,-0.633801,-0.403483,93.076308,-25.251178,-98.200287
61319,NaN,4.213149,8.970256,-0.441954,-0.036658,0.025809,0.107465,-0.002279,0.000277,-0.006428,0.559381,0.350091,-0.633816,-0.403493,93.078473,-25.250117,-98.203584
61320,NaN,4.218578,8.949092,-0.451606,-0.027966,0.010581,0.091135,-0.006223,0.002956,-0.004876,0.559382,0.350081,-0.633812,-0.403506,93.076983,-25.249854,-98.204387
61321,NaN,4.212008,8.970840,-0.440963,-0.037552,0.026822,0.107459,-0.002240,0.004708,-0.009795,0.559367,0.350099,-0.633809,-0.403517,93.077926,-25.247002,-98.204766
61322,NaN,4.204359,8.960316,-0.480805,0.002723,0.024274,0.096625,-0.002583,0.004987,-0.002947,0.559368,0.350093,-0.633816,-0.403509,93.078621,-25.248251,-98.205222
61323,NaN,4.224185,8.960668,-0.409930,-0.070203,0.015302,0.101957,-0.002043,0.006648,-0.004378,0.559370,0.350098,-0.633817,-0.403501,93.079232,-25.248558,-98.204558
61324,NaN,4.201940,8.959778,-0.420133,-0.057296,0.033735,0.092161,-0.002582,0.004986,-0.002947,0.559376,0.350103,-0.633818,-0.403486,93.079889,-25.249598,-98.203235
61325,NaN,4.219502,8.983257,-0.458830,-0.021235,0.023654,0.122735,0.000040,0.004432,-0.003367,0.559369,0.350106,-0.633831,-0.403472,93.082306,-25.250415,-98.204007
61326,NaN,4.232267,8.972780,-0.428355,-0.053422,0.011593,0.117235,-0.002582,0.004986,-0.002948,0.559375,0.350110,-0.633834,-0.403456,93.083200,-25.251572,-98.202969
61327,NaN,4.216199,8.950355,-0.448792,-0.031439,0.014314,0.091120,-0.001322,0.002124,0.001132,0.559372,0.350090,-0.633859,-0.403438,93.085524,-25.254892,-98.205354
61328,NaN,4.210377,8.971742,-0.438196,-0.040943,0.030537,0.107435,-0.007865,0.001663,0.001258,0.559382,0.350052,-0.633869,-0.403443,93.083665,-25.258187,-98.207570
61329,NaN,4.201365,8.960145,-0.418061,-0.059717,0.036371,0.092137,-0.003881,0.003417,-0.003660,0.559378,0.350043,-0.633876,-0.403444,93.084104,-25.258806,-98.208974
61330,NaN,4.224953,8.962183,-0.466738,-0.014521,0.010562,0.106409,-0.001823,0.004894,-0.000805,0.559384,0.350034,-0.633886,-0.403428,93.085024,-25.261115,-98.209151
61331,NaN,4.230823,8.940823,-0.476404,-0.005928,-0.004634,0.090094,-0.002863,0.006002,-0.001311,0.559391,0.350026,-0.633893,-0.403415,93.085383,-25.263157,-98.209000
61332,NaN,4.243754,8.930280,-0.445533,-0.038040,-0.016738,0.084591,-0.006525,0.007664,-0.001397,0.559416,0.350018,-0.633881,-0.403406,93.082807,-25.265079,-98.206258
61333,NaN,4.243508,8.930435,-0.444777,-0.038539,-0.016210,0.084590,-0.003081,0.007756,-0.004885,0.559422,0.350024,-0.633876,-0.403401,93.082516,-25.265131,-98.204875
61334,NaN,4.234051,8.919041,-0.424699,-0.057290,-0.010353,0.069289,-0.002258,0.008402,-0.007954,0.559423,0.350042,-0.633865,-0.403400,93.082380,-25.263603,-98.202974
61335,NaN,4.233568,8.919303,-0.424015,-0.057788,-0.009825,0.069287,-0.004403,0.009880,-0.003754,0.559440,0.350045,-0.633853,-0.403392,93.080775,-25.264367,-98.200287
61336,NaN,4.209256,8.917642,-0.374012,-0.103916,0.017042,0.054986,-0.007218,0.008494,-0.008755,0.559453,0.350061,-0.633826,-0.403402,93.077852,-25.262255,-98.196752
61337,NaN,4.224489,8.940490,-0.352627,-0.126909,0.015401,0.081082,0.000107,0.005171,-0.008580,0.559438,0.350083,-0.633829,-0.403401,93.080032,-25.260113,-98.196879
61338,NaN,4.203791,8.940638,-0.422765,-0.054939,0.025412,0.075787,-0.001757,0.005632,-0.006018,0.559434,0.350090,-0.633830,-0.403399,93.080869,-25.259568,-98.196876
61339,NaN,4.225077,8.942023,-0.411635,-0.068841,0.008041,0.085580,-0.003813,0.004154,-0.008875,0.559421,0.350099,-0.633826,-0.403413,93.081073,-25.257226,-98.197636
61340,NaN,4.233106,8.954150,-0.430703,-0.051077,0.003311,0.100883,-0.001949,0.003693,-0.011438,0.559399,0.350118,-0.633826,-0.403430,93.082495,-25.253644,-98.198955
61341,NaN,4.219397,8.965121,-0.460517,-0.019905,0.016436,0.106391,-0.002297,0.003969,-0.004588,0.559392,0.350117,-0.633833,-0.403428,93.083679,-25.253749,-98.199977
61342,NaN,4.212885,8.986809,-0.449988,-0.029472,0.032716,0.122689,-0.002513,0.005723,-0.008164,0.559386,0.350132,-0.633828,-0.403432,93.084062,-25.251960,-98.199404
61343,NaN,4.203351,8.975429,-0.430068,-0.048234,0.038547,0.107375,-0.001756,0.005631,-0.006020,0.559381,0.350141,-0.633829,-0.403429,93.085088,-25.251297,-98.199327
61344,NaN,4.214788,8.932863,-0.449963,-0.030519,0.007611,0.074777,-0.000715,0.004524,-0.005513,0.559372,0.350149,-0.633836,-0.403423,93.086886,-25.250989,-98.199752
61345,NaN,4.239390,8.967190,-0.448078,-0.035264,0.000686,0.116182,-0.006524,0.007660,-0.001403,0.559391,0.350134,-0.633830,-0.403419,93.084699,-25.253030,-98.198549
61346,NaN,4.208347,8.954563,-0.438415,-0.040498,0.024368,0.091068,-0.004401,0.009877,-0.003758,0.559411,0.350136,-0.633815,-0.403414,93.082348,-25.253655,-98.195570
61347,NaN,4.221038,8.944121,-0.407480,-0.072668,0.012307,0.085548,-0.004659,0.007199,-0.003966,0.559420,0.350133,-0.633810,-0.403412,93.081316,-25.254215,-98.194570
61348,NaN,4.213611,8.933563,-0.447075,-0.032368,0.009667,0.074769,-0.004375,0.006184,-0.005604,0.559427,0.350142,-0.633799,-0.403410,93.080498,-25.253756,-98.192635
61349,NaN,4.220100,8.944625,-0.406130,-0.073635,0.013352,0.085540,-0.003833,0.007846,-0.007035,0.559431,0.350153,-0.633789,-0.403413,93.079721,-25.252580,-98.191122
61350,NaN,4.241392,8.946017,-0.394940,-0.087528,-0.004023,0.095336,-0.001470,0.004616,-0.007659,0.559425,0.350176,-0.633785,-0.403407,93.081012,-25.250891,-98.189788
61351,NaN,4.218836,8.945266,-0.405130,-0.074610,0.014396,0.085531,-0.003833,0.007845,-0.007036,0.559428,0.350187,-0.633774,-0.403410,93.080235,-25.249714,-98.188274
61352,NaN,4.202494,8.923022,-0.425052,-0.052537,0.017058,0.059439,-0.008861,0.007195,-0.002627,0.559449,0.350168,-0.633761,-0.403418,93.076466,-25.251061,-98.187028
61353,NaN,4.234019,8.968165,-0.382807,-0.098069,0.013315,0.111609,-0.000970,0.001846,-0.005721,0.559431,0.350171,-0.633775,-0.403419,93.078967,-25.250452,-98.189355
61354,NaN,4.191607,8.967197,-0.463551,-0.012678,0.041162,0.096562,-0.004373,0.006183,-0.005606,0.559435,0.350173,-0.633769,-0.403421,93.078207,-25.250129,-98.188563
61355,NaN,4.220173,8.979248,-0.411822,-0.067369,0.026975,0.117120,-0.006239,0.006643,-0.003044,0.559447,0.350162,-0.633764,-0.403422,93.076434,-25.251199,-98.187946
61356,NaN,4.231920,8.936593,-0.431284,-0.049661,-0.003945,0.084553,-0.005199,0.005535,-0.002537,0.559450,0.350140,-0.633770,-0.403426,93.075543,-25.252852,-98.189515
61357,NaN,4.175905,8.977368,-0.431750,-0.041506,0.063856,0.097506,-0.005198,0.005535,-0.002537,0.559458,0.350128,-0.633771,-0.403425,93.074672,-25.254178,-98.189616
61358,NaN,4.196707,8.946364,-0.470795,-0.005555,0.027591,0.080271,-0.004442,0.005443,-0.000392,0.559471,0.350116,-0.633775,-0.403411,93.074288,-25.256830,-98.189040
61359,NaN,4.225397,8.958344,-0.419035,-0.060252,0.013415,0.100823,-0.006993,0.006734,-0.005191,0.559480,0.350109,-0.633765,-0.403421,93.072027,-25.256675,-98.188293
61360,NaN,4.212190,8.969122,-0.448439,-0.029079,0.026532,0.106347,-0.004442,0.005443,-0.000393,0.559495,0.350101,-0.633767,-0.403404,93.071667,-25.259271,-98.187050
61361,NaN,4.233154,8.938048,-0.487615,0.006867,-0.009756,0.089127,-0.002105,0.005906,0.000829,0.559505,0.350088,-0.633779,-0.403382,93.072517,-25.262535,-98.187031
61362,NaN,4.231140,8.937152,-0.427329,-0.052599,-0.000753,0.084539,-0.005455,0.002858,-0.002745,0.559506,0.350070,-0.633784,-0.403387,93.071888,-25.263680,-98.188512
61363,NaN,4.252892,8.938340,-0.415865,-0.066529,-0.018100,0.094340,-0.006520,0.007656,-0.001409,0.559525,0.350055,-0.633779,-0.403383,93.069703,-25.265718,-98.187310
61364,NaN,4.236798,8.915992,-0.435904,-0.044501,-0.015430,0.068262,-0.003356,0.008767,-0.003256,0.559540,0.350059,-0.633772,-0.403369,93.069062,-25.266897,-98.184942
61365,NaN,4.215579,8.947233,-0.395500,-0.081443,0.021924,0.085463,-0.004654,0.007197,-0.003971,0.559548,0.350057,-0.633767,-0.403367,93.068033,-25.267454,-98.183943
61366,NaN,4.236048,8.916413,-0.434595,-0.045486,-0.014355,0.068260,-0.000947,0.009971,-0.007249,0.559555,0.350082,-0.633755,-0.403355,93.068281,-25.266344,-98.180640
61367,NaN,4.223665,8.959413,-0.413620,-0.064187,0.017707,0.100792,-0.007817,0.006085,-0.002126,0.559570,0.350063,-0.633750,-0.403360,93.065767,-25.267923,-98.180407
61368,NaN,4.248141,8.906238,-0.403363,-0.078108,-0.025873,0.062722,0.005361,0.004070,-0.009415,0.559542,0.350098,-0.633762,-0.403348,93.070922,-25.265316,-98.181001
61369,NaN,4.228425,8.938633,-0.423210,-0.056032,0.002998,0.084519,-0.005122,0.006274,-0.007757,0.559541,0.350105,-0.633752,-0.403359,93.069819,-25.263679,-98.180458
61370,NaN,4.218933,8.927193,-0.403330,-0.074637,0.008766,0.069175,0.000332,0.003417,-0.005009,0.559531,0.350112,-0.633761,-0.403354,93.071771,-25.263305,-98.181234
61371,NaN,4.221258,8.960592,-0.412636,-0.066000,0.019770,0.100776,0.002742,0.004621,-0.009001,0.559508,0.350141,-0.633769,-0.403347,93.075602,-25.260905,-98.181694
61372,NaN,4.213519,8.950211,-0.452904,-0.025705,0.017111,0.090049,-0.000137,0.002495,-0.008794,0.559487,0.350159,-0.633776,-0.403350,93.078280,-25.258646,-98.182896
61373,NaN,4.221780,8.962257,-0.472282,-0.007969,0.012344,0.105393,0.000617,0.002403,-0.006647,0.559466,0.350170,-0.633790,-0.403347,93.081527,-25.257525,-98.184839
61374,NaN,4.191362,8.981833,-0.413040,-0.063161,0.055056,0.107213,0.000332,0.003417,-0.005010,0.559453,0.350178,-0.633804,-0.403336,93.084525,-25.257603,-98.185997
61375,NaN,4.214919,8.984062,-0.461803,-0.018090,0.029220,0.121647,-0.002574,0.004982,-0.002957,0.559453,0.350174,-0.633811,-0.403328,93.085301,-25.258673,-98.186434
61376,NaN,4.214561,8.984248,-0.461456,-0.018553,0.029778,0.121644,-0.000707,0.004523,-0.005518,0.559442,0.350175,-0.633821,-0.403327,93.087031,-25.258451,-98.187996
61377,NaN,4.229069,8.974821,-0.490567,0.008282,0.009233,0.120739,-0.006207,0.002947,-0.004896,0.559438,0.350162,-0.633823,-0.403340,93.086247,-25.258349,-98.189654
61378,NaN,4.219946,8.963215,-0.470480,-0.010492,0.015097,0.105386,-0.003145,0.007010,0.000319,0.559456,0.350157,-0.633827,-0.403313,93.086514,-25.261550,-98.187754
61379,NaN,4.226832,8.974025,-0.429492,-0.051773,0.018841,0.116092,-0.004937,0.008209,-0.002337,0.559472,0.350151,-0.633822,-0.403306,93.085074,-25.263074,-98.186170
61380,NaN,4.217814,8.962372,-0.409199,-0.070436,0.024623,0.100735,-0.007062,0.005990,0.000017,0.559496,0.350135,-0.633815,-0.403297,93.082601,-25.265698,-98.184289
61381,NaN,4.251589,8.920812,-0.417846,-0.066175,-0.024271,0.078042,-0.005690,0.008300,-0.004485,0.559509,0.350134,-0.633804,-0.403298,93.080674,-25.265996,-98.182574
61382,NaN,4.245357,8.942333,-0.406907,-0.075672,-0.007969,0.094288,-0.005479,0.006546,-0.000907,0.559522,0.350109,-0.633805,-0.403300,93.078702,-25.268298,-98.183143
61383,NaN,4.229233,8.920017,-0.426926,-0.053613,-0.005369,0.068228,-0.006985,0.006730,-0.005201,0.559531,0.350103,-0.633794,-0.403310,93.076446,-25.268138,-98.182397
61384,NaN,4.235691,8.931003,-0.386081,-0.094913,-0.001646,0.078922,-0.000962,0.001847,-0.005726,0.559525,0.350128,-0.633797,-0.403292,93.079045,-25.267370,-98.180908
61385,NaN,4.206510,8.919374,-0.436496,-0.041173,0.013513,0.058412,-0.008853,0.007187,-0.002641,0.559544,0.350109,-0.633785,-0.403300,93.075632,-25.268688,-98.179960
61386,NaN,4.221927,8.942087,-0.415053,-0.064264,0.012058,0.084462,0.001164,0.004066,-0.008080,0.559520,0.350120,-0.633800,-0.403300,93.079004,-25.267239,-98.182314
61387,NaN,4.208371,8.953033,-0.444922,-0.033084,0.025147,0.090010,-0.004621,0.003503,-0.005822,0.559513,0.350116,-0.633802,-0.403309,93.078965,-25.266624,-98.183589
61388,NaN,4.226782,8.921300,-0.424379,-0.056131,-0.002678,0.068215,-0.001198,0.007292,-0.007461,0.559513,0.350140,-0.633794,-0.403301,93.079693,-25.265197,-98.181298
61389,NaN,4.223088,8.976088,-0.423164,-0.056623,0.024144,0.116054,-0.001742,0.005630,-0.006029,0.559508,0.350149,-0.633795,-0.403298,93.080727,-25.264529,-98.181220
61390,NaN,4.219657,8.943232,-0.413453,-0.066164,0.014125,0.084447,-0.001742,0.005629,-0.006030,0.559510,0.350168,-0.633789,-0.403290,93.081273,-25.263657,-98.179187
61391,NaN,4.215242,8.965842,-0.462527,-0.016765,0.021921,0.105365,-0.004649,0.007192,-0.003979,0.559519,0.350165,-0.633784,-0.403288,93.080249,-25.264210,-98.178190
61392,NaN,4.205740,8.954381,-0.442665,-0.035489,0.027797,0.089994,-0.000130,0.002496,-0.008797,0.559493,0.350175,-0.633797,-0.403296,93.083115,-25.262177,-98.181008
61393,NaN,4.205266,8.954616,-0.442412,-0.035987,0.028325,0.089991,-0.001275,0.006551,-0.002244,0.559497,0.350175,-0.633803,-0.403280,93.084222,-25.263703,-98.180475
61394,NaN,4.204982,8.954778,-0.441833,-0.036398,0.028813,0.089988,-0.005944,0.005621,-0.004696,0.559506,0.350172,-0.633793,-0.403285,93.082282,-25.263637,-98.179345
61395,NaN,4.228593,8.957085,-0.490170,0.008642,0.002961,0.104498,-0.003609,0.006086,-0.003470,0.559511,0.350169,-0.633794,-0.403280,93.082159,-25.264446,-98.179065
61396,NaN,4.235342,8.967915,-0.449248,-0.032650,0.006787,0.115168,-0.004440,0.005437,-0.000401,0.559519,0.350146,-0.633804,-0.403273,93.081846,-25.267279,-98.180143
61397,NaN,4.210338,8.933816,-0.450188,-0.028785,0.014647,0.073749,-0.002284,0.003966,-0.004599,0.559512,0.350146,-0.633811,-0.403271,93.083039,-25.267378,-98.181165
61398,NaN,4.225769,8.956506,-0.428866,-0.051838,0.013139,0.099789,-0.003322,0.005072,-0.005109,0.559513,0.350150,-0.633810,-0.403268,93.083188,-25.267256,-98.180593
61399,NaN,4.244374,8.924694,-0.408193,-0.074907,-0.014687,0.077998,-0.004647,0.007191,-0.003981,0.559522,0.350148,-0.633805,-0.403266,93.082165,-25.267808,-98.179596
61400,NaN,4.228134,8.902433,-0.428590,-0.052755,-0.012141,0.051956,-0.000701,0.004523,-0.005522,0.559515,0.350156,-0.633810,-0.403262,93.083644,-25.267358,-98.179911
61401,NaN,4.215515,8.945439,-0.407934,-0.071473,0.020000,0.084400,-0.002777,0.006735,-0.006542,0.559513,0.350166,-0.633805,-0.403262,93.083778,-25.266431,-98.179116
61402,NaN,4.242846,8.925489,-0.406684,-0.076281,-0.013116,0.077990,-0.005110,0.006269,-0.007769,0.559514,0.350170,-0.633794,-0.403275,93.082350,-25.264825,-98.178521
61403,NaN,4.214308,8.946061,-0.406750,-0.072416,0.021059,0.084391,-0.001738,0.005629,-0.006033,0.559508,0.350179,-0.633795,-0.403272,93.083386,-25.264155,-98.178443
61404,NaN,4.244561,8.959217,-0.415067,-0.068103,-0.001567,0.109586,-0.001450,0.004615,-0.007671,0.559500,0.350195,-0.633793,-0.403275,93.084297,-25.262413,-98.178210
61405,NaN,4.204111,8.934918,-0.386705,-0.091536,0.027376,0.068999,-0.000412,0.003510,-0.007161,0.559483,0.350207,-0.633801,-0.403275,93.086647,-25.261032,-98.179433
61406,NaN,4.227462,8.937374,-0.435319,-0.046393,0.001448,0.083546,-0.004071,0.005163,-0.007261,0.559484,0.350217,-0.633789,-0.403283,93.085632,-25.259366,-98.178213
61407,NaN,4.229617,8.970865,-0.444243,-0.037800,0.012502,0.115145,-0.001419,0.000925,-0.009517,0.559456,0.350229,-0.633798,-0.403297,93.088069,-25.256557,-98.180992
61408,NaN,4.235173,8.949753,-0.454098,-0.029144,-0.002797,0.098928,-0.001274,0.006550,-0.002246,0.559465,0.350234,-0.633800,-0.403277,93.088890,-25.258039,-98.179363
61409,NaN,4.206825,8.970213,-0.454354,-0.025276,0.031378,0.105322,-0.003289,0.001381,-0.006958,0.559447,0.350233,-0.633809,-0.403289,93.090170,-25.256709,-98.181940
61410,NaN,4.203386,8.937366,-0.444641,-0.034815,0.021353,0.073718,-0.001480,0.008304,-0.005828,0.559456,0.350254,-0.633798,-0.403276,93.090308,-25.256145,-98.178745
61411,NaN,4.226800,8.939813,-0.493230,0.010201,-0.004512,0.088285,-0.001448,0.004615,-0.007673,0.559443,0.350267,-0.633800,-0.403278,93.091758,-25.254505,-98.179251
61412,NaN,4.224105,8.939077,-0.432917,-0.049296,0.004579,0.083531,-0.005395,0.007280,-0.006135,0.559455,0.350280,-0.633784,-0.403276,93.090276,-25.253828,-98.176297
61413,NaN,4.229605,8.918015,-0.442449,-0.040681,-0.010713,0.067320,-0.001191,0.007291,-0.007467,0.559451,0.350299,-0.633780,-0.403272,93.091155,-25.252388,-98.175118
61414,NaN,4.200990,8.938594,-0.442600,-0.036755,0.023464,0.073706,-0.002228,0.008396,-0.007979,0.559453,0.350316,-0.633768,-0.403273,93.090799,-25.250738,-98.173264
61415,NaN,4.216168,8.961401,-0.421039,-0.059852,0.021988,0.099728,-0.003554,0.010514,-0.006851,0.559464,0.350332,-0.633751,-0.403270,93.089463,-25.249751,-98.170068
61416,NaN,4.228386,8.951113,-0.390218,-0.091931,0.009969,0.094149,-0.001938,0.007382,-0.009618,0.559456,0.350347,-0.633741,-0.403283,93.089204,-25.247098,-98.169679
61417,NaN,4.227595,8.951502,-0.389872,-0.092430,0.010500,0.094143,0.000138,0.005172,-0.008597,0.559441,0.350369,-0.633743,-0.403282,93.091399,-25.244947,-98.169802
61418,NaN,4.235695,8.963695,-0.408899,-0.074725,0.005737,0.109537,-0.004526,0.004238,-0.011055,0.559432,0.350393,-0.633729,-0.403297,93.091069,-25.241336,-98.168691
61419,NaN,4.241026,8.942715,-0.418590,-0.066109,-0.009560,0.093332,-0.001990,0.002951,-0.006244,0.559418,0.350396,-0.633737,-0.403300,93.092678,-25.240462,-98.170299
61420,NaN,4.212312,8.963312,-0.418942,-0.062260,0.024646,0.099707,-0.000610,0.005263,-0.010748,0.559404,0.350429,-0.633731,-0.403301,93.094591,-25.237224,-98.169162
61421,NaN,4.223509,8.921082,-0.438841,-0.044527,-0.006484,0.067307,-0.002941,0.004796,-0.011978,0.559386,0.350452,-0.633722,-0.403320,93.095074,-25.233127,-98.169406
61422,NaN,4.194542,8.941784,-0.439313,-0.040623,0.027680,0.073680,0.003050,0.003613,-0.010648,0.559362,0.350493,-0.633725,-0.403312,93.099160,-25.229707,-98.168874
61423,NaN,4.196538,8.975325,-0.448488,-0.032048,0.038755,0.105276,-0.000898,0.006276,-0.009111,0.559351,0.350516,-0.633721,-0.403314,93.100456,-25.227296,-98.168280
61424,NaN,4.199476,8.953408,-0.398428,-0.082389,0.032033,0.084284,-0.003687,0.004886,-0.014130,0.559334,0.350547,-0.633704,-0.403338,93.100275,-25.221992,-98.167559
61425,NaN,4.179384,8.985920,-0.418075,-0.060320,0.060930,0.106055,-0.002446,0.002027,-0.010036,0.559310,0.350559,-0.633707,-0.403355,93.101816,-25.218920,-98.169619
61426,NaN,4.200456,8.987443,-0.407107,-0.074336,0.043682,0.115871,0.001179,0.004067,-0.008089,0.559292,0.350582,-0.633715,-0.403348,93.105078,-25.217226,-98.170100
61427,NaN,4.208900,8.999476,-0.426247,-0.056649,0.038930,0.131274,-0.003861,0.003403,-0.003686,0.559288,0.350573,-0.633723,-0.403349,93.105530,-25.217829,-98.171508
61428,NaN,4.164863,8.997339,-0.447510,-0.030240,0.075187,0.111621,-0.002041,-0.001481,-0.002869,0.559265,0.350554,-0.633755,-0.403348,93.109027,-25.219240,-98.176635
61429,NaN,4.180413,9.019944,-0.426364,-0.053357,0.073743,0.137626,-0.003369,0.000636,-0.001741,0.559255,0.350535,-0.633774,-0.403347,93.110536,-25.220870,-98.179860
61430,NaN,4.236506,8.979487,-0.424690,-0.062640,0.006990,0.124896,-0.005040,-0.000664,0.004403,0.559261,0.350496,-0.633802,-0.403329,93.111657,-25.226073,-98.182874
61431,NaN,4.201167,8.956882,-0.515644,0.031969,0.018705,0.093879,-0.005990,0.001181,-0.001332,0.559258,0.350469,-0.633816,-0.403335,93.111524,-25.227954,-98.185769
61432,NaN,4.238980,8.980464,-0.483372,-0.004655,-0.000547,0.129712,-0.006623,-0.001223,0.005324,0.559269,0.350425,-0.633841,-0.403319,93.111764,-25.233553,-98.188583
61433,NaN,4.223609,8.957834,-0.503475,0.017469,0.001947,0.103705,-0.010773,0.003193,0.003277,0.559291,0.350375,-0.633847,-0.403323,93.108416,-25.238134,-98.190363
61434,NaN,4.214361,8.913862,-0.533565,0.048828,-0.011468,0.061519,-0.007149,0.005233,0.005225,0.559322,0.350337,-0.633851,-0.403305,93.105862,-25.243634,-98.189532
61435,NaN,4.240210,8.980042,-0.480408,-0.006046,0.000979,0.129711,-0.013137,0.006414,0.003891,0.559359,0.350285,-0.633845,-0.403310,93.100299,-25.248666,-98.189295
61436,NaN,4.237829,8.946762,-0.469615,-0.015542,-0.009081,0.098113,-0.013170,0.010102,0.005736,0.559416,0.350237,-0.633827,-0.403300,93.093347,-25.254790,-98.185849
61437,NaN,4.238369,8.946594,-0.467938,-0.016041,-0.008553,0.098112,-0.014206,0.011206,0.005223,0.559473,0.350187,-0.633807,-0.403296,93.085897,-25.260732,-98.182625
61438,NaN,4.221010,8.922820,-0.427397,-0.052852,0.002543,0.067268,-0.014751,0.009542,0.006654,0.559529,0.350126,-0.633793,-0.403293,93.078368,-25.267520,-98.180516
61439,NaN,4.209186,8.965410,-0.405244,-0.071593,0.034772,0.099614,-0.015442,0.014065,0.001126,0.559589,0.350091,-0.633756,-0.403299,93.069377,-25.271205,-98.175341
61440,NaN,4.241507,8.922589,-0.353263,-0.126248,-0.005596,0.072241,-0.010579,0.013243,0.007170,0.559648,0.350039,-0.633743,-0.403282,93.062894,-25.278372,-98.171954
61441,NaN,4.214066,8.942614,-0.352472,-0.122354,0.028589,0.078579,-0.009998,0.011219,0.003890,0.559695,0.350005,-0.633730,-0.403268,93.057829,-25.283550,-98.168673
61442,NaN,4.233355,8.910497,-0.331228,-0.145405,0.000779,0.056802,-0.007088,0.009662,0.001843,0.559727,0.349979,-0.633724,-0.403254,93.054790,-25.287703,-98.166659
61443,NaN,4.211669,8.909330,-0.341123,-0.132386,0.019108,0.046967,-0.004468,0.009117,0.001436,0.559752,0.349964,-0.633724,-0.403233,93.053426,-25.291412,-98.164625
61444,NaN,4.255370,8.911595,-0.318965,-0.159827,-0.015941,0.066617,-0.001526,0.003873,-0.002456,0.559744,0.349946,-0.633741,-0.403234,93.054542,-25.292865,-98.167540
61445,NaN,4.263459,8.891530,-0.388632,-0.092226,-0.039890,0.055308,0.000057,0.004432,-0.003376,0.559737,0.349949,-0.633754,-0.403220,93.056967,-25.293678,-98.168308
61446,NaN,4.263108,8.891701,-0.388598,-0.092700,-0.039341,0.055306,0.001127,-0.000359,-0.004709,0.559711,0.349948,-0.633780,-0.403216,93.061139,-25.293715,-98.172207
61447,NaN,4.240740,8.890818,-0.399526,-0.079677,-0.021018,0.045474,0.003514,0.004540,-0.006853,0.559691,0.349972,-0.633794,-0.403200,93.065465,-25.292543,-98.172789
61448,NaN,4.248853,8.903023,-0.419243,-0.061987,-0.025741,0.060905,0.005711,-0.000612,-0.012897,0.559638,0.350006,-0.633818,-0.403207,93.072239,-25.287938,-98.176972
61449,NaN,4.240976,8.892875,-0.460045,-0.021675,-0.028564,0.050347,0.006225,0.004739,-0.012484,0.559603,0.350056,-0.633827,-0.403198,93.077983,-25.283550,-98.177236
61450,NaN,4.205725,8.934961,-0.450724,-0.026910,0.021517,0.072838,0.001020,0.002140,-0.013517,0.559568,0.350091,-0.633830,-0.403211,93.081568,-25.278685,-98.178778
61451,NaN,4.235383,8.948448,-0.459457,-0.022771,-0.001024,0.098103,0.004934,0.003167,-0.013205,0.559529,0.350137,-0.633840,-0.403211,93.086986,-25.273836,-98.180011
61452,NaN,4.228027,8.970365,-0.449318,-0.032351,0.015342,0.114259,-0.001052,0.004347,-0.014544,0.559508,0.350182,-0.633824,-0.403225,93.088341,-25.268131,-98.178565
61453,NaN,4.198884,8.991122,-0.449677,-0.028446,0.049527,0.120582,-0.001889,0.003695,-0.011473,0.559486,0.350204,-0.633821,-0.403242,93.089732,-25.264289,-98.179523
61454,NaN,4.198062,8.991518,-0.449423,-0.028883,0.050041,0.120578,-0.000397,0.003511,-0.007169,0.559472,0.350217,-0.633826,-0.403241,93.091682,-25.262868,-98.180210
61455,NaN,4.216300,8.959894,-0.429058,-0.051945,0.022193,0.098810,-0.003471,0.003134,-0.010555,0.559452,0.350231,-0.633823,-0.403261,93.092331,-25.259534,-98.181553
61456,NaN,4.196533,8.992272,-0.448623,-0.029885,0.051124,0.120570,-0.002761,0.006730,-0.006556,0.559454,0.350244,-0.633817,-0.403257,93.092529,-25.258728,-98.180127
61457,NaN,4.215037,8.960530,-0.428179,-0.052947,0.023275,0.098802,-0.000688,0.004523,-0.005531,0.559444,0.350252,-0.633825,-0.403252,93.094471,-25.258311,-98.180764
61458,NaN,4.208419,8.982113,-0.417490,-0.062595,0.039714,0.114948,-0.007220,0.004037,-0.005438,0.559446,0.350243,-0.633821,-0.403263,93.092989,-25.258125,-98.181204
61459,NaN,4.227144,8.950278,-0.396820,-0.085657,0.011865,0.093180,-0.003109,0.003310,-0.001539,0.559445,0.350230,-0.633834,-0.403256,93.093929,-25.259955,-98.182743
61460,NaN,4.233147,8.929025,-0.406686,-0.077017,-0.003495,0.077028,-0.000489,0.002767,-0.001946,0.559443,0.350234,-0.633847,-0.403234,93.096417,-25.261474,-98.182643
61461,NaN,4.220053,8.939810,-0.436638,-0.045826,0.009538,0.082640,-0.002818,0.002299,-0.003179,0.559435,0.350224,-0.633860,-0.403233,93.097774,-25.262334,-98.184766
61462,NaN,4.216929,8.906810,-0.427189,-0.055355,-0.000512,0.051043,-0.000198,0.001756,-0.003585,0.559422,0.350225,-0.633879,-0.403221,93.100830,-25.263076,-98.186614
61463,NaN,4.241184,8.941320,-0.425399,-0.060366,-0.007160,0.092468,-0.001979,0.002951,-0.006251,0.559408,0.350229,-0.633887,-0.403224,93.102447,-25.262198,-98.188220
61464,NaN,4.233727,8.931017,-0.465505,-0.019989,-0.010046,0.081943,-0.002687,-0.000645,-0.010251,0.559383,0.350245,-0.633889,-0.403242,93.104165,-25.258755,-98.190153
61465,NaN,4.211178,8.930208,-0.476096,-0.006948,0.008258,0.072108,-0.000687,0.004523,-0.005532,0.559373,0.350253,-0.633897,-0.403236,93.106108,-25.258338,-98.190789
61466,NaN,4.226412,8.952921,-0.454894,-0.030086,0.006891,0.098081,-0.002781,-0.001389,-0.005026,0.559353,0.350245,-0.633915,-0.403243,93.108275,-25.258052,-98.194418
61467,NaN,4.203982,8.952051,-0.465506,-0.017044,0.025194,0.088244,-0.001686,0.001939,-0.007892,0.559332,0.350253,-0.633923,-0.403252,93.110308,-25.256204,-98.196607
61468,NaN,4.203400,8.952341,-0.465180,-0.017554,0.025740,0.088242,-0.003562,0.002390,-0.005333,0.559325,0.350254,-0.633929,-0.403252,93.111275,-25.255930,-98.197489
61469,NaN,4.218642,8.975061,-0.443733,-0.040724,0.024380,0.114210,-0.003306,0.005065,-0.005126,0.559322,0.350255,-0.633930,-0.403253,93.111576,-25.255762,-98.197796
61470,NaN,4.218260,8.975271,-0.443118,-0.041220,0.024919,0.114207,-0.004635,0.007180,-0.004000,0.559335,0.350258,-0.633922,-0.403246,93.110548,-25.256362,-98.195752
61471,NaN,4.230394,8.932742,-0.462695,-0.023459,-0.006327,0.081938,-0.005474,0.006527,-0.000928,0.559349,0.350242,-0.633922,-0.403239,93.109274,-25.258640,-98.195278
61472,NaN,4.217690,8.975609,-0.441677,-0.042194,0.025953,0.114200,-0.005341,0.003584,-0.008001,0.559347,0.350255,-0.633911,-0.403247,93.108592,-25.256662,-98.194231
61473,NaN,4.214463,8.942685,-0.431737,-0.051705,0.015864,0.082603,-0.006765,0.004954,-0.001649,0.559357,0.350235,-0.633912,-0.403250,93.106992,-25.258479,-98.194726
61474,NaN,4.214414,8.942739,-0.431087,-0.052146,0.016343,0.082600,-0.003401,0.004320,0.000099,0.559372,0.350230,-0.633916,-0.403229,93.107116,-25.261052,-98.193285
61475,NaN,4.220416,8.921519,-0.440694,-0.043512,0.000980,0.066469,-0.004889,0.004504,-0.004208,0.559372,0.350222,-0.633917,-0.403233,93.106676,-25.261391,-98.193977
61476,NaN,4.223064,8.954791,-0.449151,-0.035004,0.012148,0.098060,-0.007057,0.005965,-0.000010,0.559392,0.350201,-0.633916,-0.403226,93.104686,-25.264281,-98.193197
61477,NaN,4.207823,8.964362,-0.418822,-0.062774,0.033841,0.098714,-0.005180,0.005515,-0.002569,0.559399,0.350189,-0.633917,-0.403224,93.103830,-25.265589,-98.193306
61478,NaN,4.222672,8.955052,-0.447628,-0.036019,0.013215,0.098055,-0.005924,0.005607,-0.004723,0.559409,0.350193,-0.633907,-0.403222,93.102613,-25.265713,-98.191549
61479,NaN,4.228618,8.933875,-0.457028,-0.027384,-0.002153,0.081930,-0.005473,0.006526,-0.000930,0.559424,0.350177,-0.633908,-0.403215,93.101340,-25.267990,-98.191074
61480,NaN,4.235123,8.944633,-0.416026,-0.068673,0.001780,0.092417,-0.003851,0.003401,-0.003696,0.559422,0.350170,-0.633913,-0.403215,93.101593,-25.268631,-98.191916
61481,NaN,4.197833,8.953121,-0.396750,-0.082886,0.041240,0.083222,-0.003341,0.008751,-0.003281,0.559435,0.350172,-0.633907,-0.403204,93.100907,-25.269632,-98.189952
61482,NaN,4.225447,8.933178,-0.395396,-0.087774,0.008096,0.076936,-0.005629,0.004595,-0.006364,0.559438,0.350176,-0.633899,-0.403211,93.099783,-25.268709,-98.189234
61483,NaN,4.240131,8.923957,-0.424283,-0.061004,-0.012543,0.076289,-0.003047,0.007740,-0.004922,0.559443,0.350182,-0.633894,-0.403206,93.099513,-25.268741,-98.187855
61484,NaN,4.196482,8.953835,-0.394928,-0.084302,0.042841,0.083203,-0.001718,0.005626,-0.006048,0.559436,0.350183,-0.633898,-0.403208,93.100300,-25.268223,-98.188752
61485,NaN,4.232912,8.945810,-0.413216,-0.071092,0.004440,0.092399,-0.001170,0.007290,-0.007481,0.559432,0.350202,-0.633893,-0.403205,93.101190,-25.266777,-98.187569
61486,NaN,4.238265,8.924909,-0.422901,-0.062442,-0.010911,0.076282,-0.002654,0.007474,-0.011790,0.559423,0.350229,-0.633878,-0.403218,93.101052,-25.263017,-98.186228
61487,NaN,4.187685,8.944254,-0.434051,-0.044952,0.041037,0.072710,0.000609,0.006096,-0.004813,0.559417,0.350241,-0.633885,-0.403204,93.103323,-25.263060,-98.185893
61488,NaN,4.252601,8.948049,-0.401114,-0.086114,-0.011717,0.102228,-0.001656,0.010057,-0.009429,0.559425,0.350280,-0.633862,-0.403195,93.103005,-25.260530,-98.181150
61489,NaN,4.214325,8.924792,-0.432641,-0.050351,0.008416,0.066433,-0.000094,0.002501,-0.008815,0.559401,0.350296,-0.633871,-0.403200,93.105786,-25.258172,-98.182951
61490,NaN,4.207194,8.946552,-0.422398,-0.059930,0.024805,0.082539,0.002588,0.006391,-0.012600,0.559386,0.350351,-0.633859,-0.403193,93.108607,-25.253556,-98.179831
61491,NaN,4.206255,8.946998,-0.422322,-0.060428,0.025334,0.082534,-0.000093,0.002501,-0.008816,0.559362,0.350368,-0.633867,-0.403198,93.111388,-25.251197,-98.181631
61492,NaN,4.193100,8.989983,-0.401945,-0.079203,0.057686,0.114741,0.000943,0.001398,-0.008301,0.559339,0.350391,-0.633878,-0.403193,93.115079,-25.249115,-98.182598
61493,NaN,4.198600,8.968998,-0.412078,-0.070563,0.042305,0.098630,-0.000641,0.000836,-0.007383,0.559314,0.350398,-0.633892,-0.403199,93.118015,-25.247523,-98.185500
61494,NaN,4.191348,8.958652,-0.452265,-0.030159,0.039368,0.088167,-0.001970,0.002949,-0.006258,0.559306,0.350408,-0.633894,-0.403199,93.119142,-25.246482,-98.185691
61495,NaN,4.208813,8.982600,-0.490825,0.005588,0.029366,0.119141,0.000101,0.000745,-0.005229,0.559284,0.350410,-0.633914,-0.403196,93.122560,-25.246120,-98.188725
61496,NaN,4.187164,9.013505,-0.450851,-0.031339,0.066986,0.135851,-0.004691,0.002744,-0.000626,0.559293,0.350403,-0.633920,-0.403180,93.122923,-25.248416,-98.188112
61497,NaN,4.230351,8.983961,-0.479152,-0.009008,0.012672,0.128981,-0.004691,0.002744,-0.000627,0.559295,0.350381,-0.633933,-0.403176,93.123123,-25.250749,-98.190040
61498,NaN,4.221373,8.972133,-0.459235,-0.027605,0.018423,0.113488,-0.003147,0.006992,0.000302,0.559320,0.350386,-0.633928,-0.403145,93.122889,-25.253535,-98.186185
61499,NaN,4.205767,8.949677,-0.479463,-0.005391,0.020781,0.087545,-0.008092,0.007061,-0.000532,0.559341,0.350363,-0.633923,-0.403144,93.119978,-25.256056,-98.185385
61500,NaN,4.249401,8.952092,-0.456849,-0.032997,-0.014198,0.107231,-0.005472,0.006521,-0.000935,0.559360,0.350353,-0.633919,-0.403134,93.118455,-25.258289,-98.183754
61501,NaN,4.209623,8.927227,-0.428155,-0.056158,0.014600,0.066395,-0.005512,0.010207,0.000912,0.559390,0.350338,-0.633912,-0.403115,93.116194,-25.261734,-98.181013
61502,NaN,4.233619,8.929782,-0.475982,-0.011244,-0.011345,0.081292,-0.009024,0.008908,-0.006278,0.559414,0.350344,-0.633882,-0.403123,93.111912,-25.260902,-98.176931
61503,NaN,4.239975,8.940585,-0.434572,-0.052576,-0.007378,0.091730,-0.005216,0.009196,-0.000729,0.559437,0.350334,-0.633876,-0.403110,93.110068,-25.263377,-98.174773
61504,NaN,4.218043,8.939508,-0.444421,-0.039427,0.010851,0.081884,-0.008576,0.009827,-0.002483,0.559470,0.350328,-0.633851,-0.403108,93.105611,-25.264692,-98.170632
61505,NaN,4.239542,8.940894,-0.432438,-0.053503,-0.006363,0.091726,-0.007986,0.007806,-0.005764,0.559483,0.350324,-0.633834,-0.403121,93.102482,-25.264243,-98.169180
61506,NaN,4.217326,8.939938,-0.442582,-0.040418,0.011933,0.081878,-0.000717,0.008208,-0.003690,0.559489,0.350332,-0.633836,-0.403103,93.103430,-25.265145,-98.167645
61507,NaN,4.195636,8.970832,-0.402219,-0.077315,0.049575,0.098545,-0.005955,0.009286,-0.002887,0.559509,0.350327,-0.633824,-0.403099,93.101106,-25.266388,-98.165354
61508,NaN,4.210599,8.961560,-0.430790,-0.050552,0.028921,0.097958,-0.007244,0.007713,-0.003610,0.559528,0.350322,-0.633810,-0.403098,93.098420,-25.267206,-98.163033
61509,NaN,4.216470,8.940460,-0.440181,-0.041906,0.013521,0.081870,-0.003040,0.007737,-0.004929,0.559534,0.350328,-0.633805,-0.403093,93.098155,-25.267233,-98.161653
61510,NaN,4.218904,8.973824,-0.448758,-0.033419,0.024713,0.113456,-0.003590,0.006072,-0.003497,0.559543,0.350331,-0.633801,-0.403083,93.097907,-25.268010,-98.160081
61511,NaN,4.231511,8.963269,-0.417725,-0.065609,0.012765,0.107792,-0.007538,0.008723,-0.001972,0.559566,0.350318,-0.633789,-0.403082,93.094842,-25.269759,-98.158178
61512,NaN,4.237386,8.942172,-0.427116,-0.056910,-0.002667,0.091709,-0.002744,0.006727,-0.006570,0.559571,0.350335,-0.633778,-0.403077,93.094629,-25.268697,-98.155834
61513,NaN,4.215429,8.941090,-0.437353,-0.043824,0.015596,0.081859,-0.005024,0.007437,0.002856,0.559595,0.350311,-0.633784,-0.403056,93.093422,-25.273168,-98.154909
61514,NaN,4.228198,8.930448,-0.406404,-0.076017,0.003686,0.076192,-0.002783,0.010411,-0.004724,0.559609,0.350320,-0.633774,-0.403045,93.092638,-25.273603,-98.152106
61515,NaN,4.227920,8.930604,-0.405865,-0.076515,0.004215,0.076188,-0.001264,0.006543,-0.002258,0.559613,0.350320,-0.633780,-0.403028,93.093752,-25.275121,-98.151573
61516,NaN,4.218757,8.918816,-0.386210,-0.095060,0.009966,0.060671,-0.000229,0.005441,-0.001742,0.559619,0.350328,-0.633786,-0.403004,93.095377,-25.276759,-98.150108
61517,NaN,4.214824,8.941464,-0.435521,-0.045763,0.017711,0.081846,-0.000229,0.005441,-0.001742,0.559619,0.350327,-0.633799,-0.402985,93.097390,-25.278537,-98.150289
61518,NaN,4.236514,8.942719,-0.424295,-0.059841,0.000506,0.091692,-0.003103,0.003305,-0.001549,0.559623,0.350321,-0.633807,-0.402971,93.098267,-25.280356,-98.150383
61519,NaN,4.214225,8.941779,-0.434853,-0.046749,0.018764,0.081840,-0.001116,0.003605,-0.009336,0.559604,0.350338,-0.633810,-0.402979,93.100156,-25.277734,-98.151465
61520,NaN,4.207247,8.963430,-0.424586,-0.056361,0.035206,0.097906,0.002242,0.002975,-0.007580,0.559587,0.350368,-0.633817,-0.402966,93.103919,-25.275977,-98.151133
61521,NaN,4.231067,8.966123,-0.472921,-0.011512,0.009281,0.112872,-0.008826,0.007147,-0.002699,0.559605,0.350350,-0.633806,-0.402973,93.100531,-25.277260,-98.150201
61522,NaN,4.243468,8.955651,-0.442011,-0.043692,-0.002646,0.107200,-0.000121,0.006188,-0.006973,0.559598,0.350368,-0.633807,-0.402966,93.102263,-25.276168,-98.149452
61523,NaN,4.221036,8.954776,-0.452566,-0.030597,0.015609,0.097348,-0.001155,0.007289,-0.007490,0.559594,0.350387,-0.633802,-0.402962,93.103161,-25.274716,-98.148266
61524,NaN,4.239618,8.923027,-0.432022,-0.053628,-0.012282,0.075608,-0.003587,0.006070,-0.003500,0.559604,0.350391,-0.633798,-0.402951,93.102984,-25.275504,-98.146560
61525,NaN,4.213867,8.976555,-0.441398,-0.040734,0.032609,0.113406,-0.001155,0.007289,-0.007491,0.559600,0.350410,-0.633794,-0.402947,93.103882,-25.274052,-98.145374
61526,NaN,4.226025,8.966179,-0.410757,-0.072883,0.020665,0.107728,-0.001154,0.007289,-0.007491,0.559598,0.350429,-0.633787,-0.402943,93.104503,-25.272611,-98.143733
61527,NaN,4.231717,8.945178,-0.420323,-0.064232,0.005246,0.091663,-0.007198,0.004025,-0.005466,0.559598,0.350418,-0.633783,-0.402959,93.102851,-25.272215,-98.144682
61528,NaN,4.246859,8.967877,-0.398799,-0.087429,0.003962,0.117570,0.001653,0.004994,-0.004300,0.559596,0.350441,-0.633788,-0.402934,93.105656,-25.272335,-98.142882
61529,NaN,4.209091,8.944411,-0.430421,-0.051576,0.023983,0.081805,-0.006163,0.002923,-0.004950,0.559592,0.350429,-0.633790,-0.402947,93.104902,-25.272201,-98.144545
61530,NaN,4.217708,8.956515,-0.449179,-0.033951,0.019259,0.097330,-0.002001,0.006633,-0.004418,0.559597,0.350436,-0.633788,-0.402937,93.105332,-25.272516,-98.143306
61531,NaN,4.223621,8.935409,-0.458887,-0.025298,0.003833,0.081272,-0.003840,0.003395,-0.003709,0.559593,0.350428,-0.633796,-0.402938,93.105799,-25.273106,-98.144713
61532,NaN,4.245370,8.968666,-0.396910,-0.089340,0.006040,0.117552,-0.002000,0.006633,-0.004419,0.559602,0.350444,-0.633788,-0.402923,93.106032,-25.273187,-98.141851
61533,NaN,4.244689,8.937001,-0.447021,-0.039842,-0.012874,0.091122,-0.003288,0.005060,-0.005143,0.559599,0.350445,-0.633790,-0.402923,93.106345,-25.273008,-98.142156
61534,NaN,4.231592,8.947878,-0.476606,-0.008670,0.000160,0.096802,-0.004916,0.008179,-0.002380,0.559615,0.350438,-0.633786,-0.402914,93.105092,-25.274731,-98.140688
61535,NaN,4.200328,8.935022,-0.467774,-0.013648,0.023653,0.071413,0.001213,0.004077,-0.008099,0.559595,0.350459,-0.633794,-0.402911,93.108206,-25.272830,-98.141512
61536,NaN,4.234465,8.925761,-0.426050,-0.059424,-0.005965,0.075581,-0.008823,0.007143,-0.002707,0.559613,0.350435,-0.633785,-0.402921,93.104700,-25.274307,-98.141198
61537,NaN,4.217841,8.991120,-0.454520,-0.028451,0.033694,0.128896,-0.000414,0.007197,-0.005336,0.559611,0.350449,-0.633786,-0.402909,93.106080,-25.274084,-98.140144
61538,NaN,4.196624,8.934371,-0.406199,-0.074041,0.033986,0.066229,-0.005906,0.005596,-0.004746,0.559625,0.350458,-0.633772,-0.402905,93.104676,-25.274007,-98.137463
61539,NaN,4.223340,8.970258,-0.463478,-0.020290,0.018763,0.112844,-0.003584,0.006068,-0.003504,0.559629,0.350454,-0.633773,-0.402900,93.104572,-25.274797,-98.137185
61540,NaN,4.226779,8.947838,-0.413326,-0.070541,0.012075,0.091614,-0.004871,0.004495,-0.004229,0.559634,0.350453,-0.633770,-0.402899,93.103985,-25.275116,-98.136608
61541,NaN,4.226419,8.948037,-0.412700,-0.071040,0.012605,0.091610,-0.004871,0.004495,-0.004229,0.559634,0.350445,-0.633772,-0.402903,93.103557,-25.275443,-98.137300
61542,NaN,4.250310,8.950784,-0.460959,-0.026116,-0.013396,0.106652,-0.001446,0.008297,-0.005854,0.559645,0.350468,-0.633758,-0.402891,93.103303,-25.274678,-98.133767
61543,NaN,4.219257,8.937817,-0.452086,-0.031081,0.010089,0.081251,-0.003398,0.004311,0.000087,0.559650,0.350450,-0.633771,-0.402878,93.103831,-25.277467,-98.134723
61544,NaN,4.240679,8.939229,-0.440466,-0.045207,-0.007064,0.091105,-0.007376,0.005779,-0.009065,0.559651,0.350455,-0.633755,-0.402899,93.101652,-25.275209,-98.134061
61545,NaN,4.212203,8.959539,-0.440440,-0.041246,0.027139,0.097284,-0.004432,0.005412,-0.000432,0.559661,0.350439,-0.633761,-0.402889,93.101283,-25.277736,-98.134303
61546,NaN,4.218173,8.938435,-0.449982,-0.032509,0.011631,0.081245,-0.003766,0.007825,-0.007098,0.559673,0.350463,-0.633740,-0.402884,93.099985,-25.276217,-98.130146
61547,NaN,4.211490,8.959939,-0.439113,-0.042165,0.028129,0.097278,-0.005167,0.005503,-0.002591,0.559680,0.350452,-0.633741,-0.402882,93.099139,-25.277512,-98.130256
61548,NaN,4.217484,8.938824,-0.448726,-0.033400,0.012607,0.081241,-0.001996,0.006632,-0.004422,0.559691,0.350468,-0.633731,-0.402868,93.099030,-25.277439,-98.127231
61549,NaN,4.245461,8.950769,-0.396721,-0.088370,-0.001052,0.101433,-0.006200,0.006603,-0.003110,0.559703,0.350458,-0.633726,-0.402870,93.097287,-25.278471,-98.126627
61550,NaN,4.216891,8.939165,-0.447504,-0.034372,0.013635,0.081236,-0.000962,0.005531,-0.003904,0.559708,0.350475,-0.633724,-0.402849,93.098644,-25.278897,-98.124232
61551,NaN,4.232196,8.961764,-0.425883,-0.057651,0.012436,0.107121,-0.005719,0.003837,-0.001158,0.559714,0.350454,-0.633731,-0.402848,93.097953,-25.280959,-98.125445
61552,NaN,4.207583,8.927430,-0.427268,-0.053306,0.019879,0.065677,0.001061,0.007013,-0.001020,0.559721,0.350457,-0.633739,-0.402824,93.099386,-25.282985,-98.124324
61553,NaN,4.225412,8.951389,-0.465391,-0.017662,0.009915,0.096785,-0.005901,0.005594,-0.004752,0.559726,0.350450,-0.633734,-0.402831,93.098062,-25.283046,-98.124302
61554,NaN,4.225165,8.951549,-0.464557,-0.018126,0.010432,0.096784,-0.006497,0.007611,-0.001471,0.559749,0.350441,-0.633724,-0.402823,93.095667,-25.285020,-98.121948
61555,NaN,4.228662,8.929063,-0.414337,-0.068389,0.003751,0.075524,-0.001994,0.006632,-0.004423,0.559750,0.350446,-0.633725,-0.402815,93.096306,-25.285302,-98.121281
61556,NaN,4.231015,8.962462,-0.422916,-0.059880,0.014944,0.107104,-0.003027,0.007732,-0.004942,0.559766,0.350464,-0.633709,-0.402803,93.095352,-25.285006,-98.117443
61557,NaN,4.230570,8.930789,-0.472919,-0.010363,-0.004037,0.080757,-0.003878,0.007075,-0.001868,0.559777,0.350457,-0.633709,-0.402793,93.094829,-25.286762,-98.116582
61558,NaN,4.243302,8.952031,-0.391310,-0.092472,0.003477,0.101395,-0.006198,0.006602,-0.003113,0.559798,0.350458,-0.633694,-0.402788,93.092378,-25.287469,-98.113600
61559,NaN,4.236665,8.941586,-0.431157,-0.052115,0.000476,0.091073,0.000029,0.008113,-0.001539,0.559806,0.350463,-0.633700,-0.402763,93.093817,-25.289446,-98.112093
61560,NaN,4.236356,8.941764,-0.430511,-0.052574,0.000987,0.091071,-0.008219,0.005120,-0.005999,0.559815,0.350458,-0.633685,-0.402778,93.091004,-25.288719,-98.111185
61561,NaN,4.220330,8.919579,-0.450915,-0.030280,0.003223,0.065191,-0.002727,0.006723,-0.006584,0.559814,0.350468,-0.633680,-0.402778,93.091166,-25.287766,-98.110385
61562,NaN,4.235280,8.942331,-0.429312,-0.053540,0.002058,0.091066,-0.001694,0.005623,-0.006065,0.559809,0.350476,-0.633682,-0.402775,93.092030,-25.287183,-98.110313
61563,NaN,4.219558,8.951877,-0.399412,-0.081264,0.023816,0.091510,-0.002545,0.004966,-0.002991,0.559809,0.350472,-0.633689,-0.402768,93.092824,-25.288232,-98.110748
61564,NaN,4.234440,8.942767,-0.428519,-0.054534,0.003109,0.091060,-0.001394,0.004615,-0.007706,0.559801,0.350492,-0.633686,-0.402764,93.094269,-25.286555,-98.109892
61565,NaN,4.212122,8.941828,-0.439129,-0.041398,0.021326,0.081196,-0.002246,0.003957,-0.004632,0.559794,0.350492,-0.633694,-0.402762,93.095483,-25.286634,-98.110909
61566,NaN,4.233570,8.943212,-0.427817,-0.055448,0.004110,0.091054,-0.002799,0.002292,-0.003199,0.559794,0.350492,-0.633699,-0.402755,93.096269,-25.287238,-98.111071
61567,NaN,4.214135,8.975399,-0.447453,-0.033417,0.033077,0.112771,-0.001438,0.008296,-0.005859,0.559797,0.350507,-0.633694,-0.402747,93.096755,-25.286748,-98.109300
61568,NaN,4.241726,8.955614,-0.445975,-0.038355,-0.000095,0.106621,-0.008216,0.005118,-0.006003,0.559808,0.350505,-0.633678,-0.402758,93.093982,-25.285993,-98.107801
61569,NaN,4.210366,8.942764,-0.436907,-0.043274,0.023359,0.081183,-0.002725,0.006723,-0.006586,0.559806,0.350516,-0.633673,-0.402758,93.094146,-25.285039,-98.107001
61570,NaN,4.225389,8.965480,-0.415129,-0.066494,0.022158,0.107049,-0.004609,0.007165,-0.004032,0.559821,0.350519,-0.633661,-0.402754,93.092590,-25.285417,-98.104680
61571,NaN,4.224925,8.965735,-0.414354,-0.066993,0.022688,0.107044,-0.006629,0.005683,-0.006919,0.559822,0.350517,-0.633651,-0.402769,93.090793,-25.284240,-98.104525
61572,NaN,4.208790,8.943612,-0.434716,-0.044585,0.024848,0.081174,-0.006329,0.004675,-0.008560,0.559824,0.350527,-0.633633,-0.402786,93.088727,-25.281869,-98.103155
61573,NaN,4.245395,8.967638,-0.401814,-0.081533,0.006009,0.116899,-0.005341,0.007256,-0.006193,0.559830,0.350530,-0.633623,-0.402792,93.087253,-25.281156,-98.102030
61574,NaN,4.244837,8.936095,-0.451685,-0.031941,-0.013023,0.090609,-0.005895,0.005590,-0.004760,0.559836,0.350523,-0.633616,-0.402800,93.085525,-25.281224,-98.101757
61575,NaN,4.228876,8.945726,-0.421652,-0.059659,0.008743,0.091027,-0.000837,0.006280,-0.009143,0.559825,0.350546,-0.633612,-0.402802,93.086853,-25.278793,-98.101149
61576,NaN,4.200228,8.966066,-0.421566,-0.055659,0.042968,0.097158,-0.010877,0.009330,-0.003766,0.559853,0.350528,-0.633589,-0.402815,93.081562,-25.279640,-98.098880
61577,NaN,4.221423,8.967597,-0.409718,-0.069803,0.025819,0.107017,-0.002122,0.004707,-0.009870,0.559837,0.350546,-0.633585,-0.402826,93.082568,-25.276745,-98.099243
61578,NaN,4.214423,8.957374,-0.449616,-0.029448,0.022780,0.096736,-0.004607,0.007163,-0.004034,0.559853,0.350556,-0.633574,-0.402814,93.081621,-25.277243,-98.096257
61579,NaN,4.235757,8.958835,-0.437938,-0.043595,0.005631,0.106598,-0.005593,0.004582,-0.006403,0.559850,0.350553,-0.633570,-0.402827,93.080722,-25.276327,-98.096817
61580,NaN,4.207207,8.979115,-0.438004,-0.039544,0.039805,0.112724,-0.004607,0.007163,-0.004035,0.559864,0.350556,-0.633559,-0.402822,93.079246,-25.276700,-98.094530
61581,NaN,4.206820,8.947524,-0.487947,0.009991,0.020758,0.086458,-0.004606,0.007163,-0.004035,0.559872,0.350554,-0.633554,-0.402820,93.078249,-25.277219,-98.093537
61582,NaN,4.228494,8.980636,-0.425512,-0.054074,0.023155,0.122582,-0.007046,0.005938,-0.000047,0.559890,0.350525,-0.633553,-0.402823,93.075463,-25.279884,-98.093798
61583,NaN,4.219033,8.937120,-0.456080,-0.022583,0.009338,0.080733,-0.006323,0.004673,-0.008566,0.559885,0.350527,-0.633543,-0.402844,93.074089,-25.277734,-98.094226
61584,NaN,4.237545,8.937216,-0.384823,-0.095617,0.001007,0.085270,-0.000401,0.007196,-0.005342,0.559885,0.350543,-0.633542,-0.402831,93.075306,-25.277546,-98.092729
61585,NaN,4.224411,8.948170,-0.414476,-0.064420,0.013972,0.090991,-0.005637,0.008262,-0.004557,0.559898,0.350541,-0.633531,-0.402831,93.073414,-25.277799,-98.091024
61586,NaN,4.214969,8.936433,-0.394484,-0.082909,0.019731,0.075394,-0.003019,0.007729,-0.004950,0.559905,0.350547,-0.633524,-0.402827,93.072834,-25.277824,-98.089479
61587,NaN,4.223532,8.948645,-0.413189,-0.065366,0.015024,0.090983,-0.002718,0.006721,-0.006592,0.559904,0.350557,-0.633520,-0.402827,93.073001,-25.276866,-98.088679
61588,NaN,4.223088,8.948874,-0.412766,-0.065870,0.015573,0.090979,-0.000955,0.005530,-0.003909,0.559904,0.350565,-0.633525,-0.402812,93.074591,-25.277527,-98.088073
61589,NaN,4.200937,8.947849,-0.423341,-0.052710,0.033768,0.081107,-0.003272,0.005055,-0.005158,0.559901,0.350566,-0.633527,-0.402813,93.074912,-25.277338,-98.088376
61590,NaN,4.231336,8.961252,-0.431180,-0.048766,0.011408,0.106569,-0.002240,0.003956,-0.004638,0.559892,0.350557,-0.633537,-0.402818,93.075735,-25.277529,-98.090540
61591,NaN,4.215463,8.939012,-0.452000,-0.026433,0.013582,0.080719,-0.001685,0.005622,-0.006072,0.559886,0.350566,-0.633538,-0.402815,93.076799,-25.276835,-98.090453
61592,NaN,4.208764,8.960442,-0.441404,-0.036018,0.030061,0.096695,-0.001255,0.006537,-0.002269,0.559901,0.350582,-0.633533,-0.402789,93.077317,-25.278036,-98.086950
61593,NaN,4.208495,8.960579,-0.441179,-0.036517,0.030589,0.096691,0.001664,0.004998,-0.004302,0.559892,0.350594,-0.633546,-0.402771,93.080494,-25.278335,-98.087318
61594,NaN,4.245364,8.952678,-0.459405,-0.023384,-0.007858,0.106184,-0.002540,0.004963,-0.002997,0.559899,0.350597,-0.633545,-0.402760,93.080670,-25.279137,-98.086026
61595,NaN,4.216957,8.972862,-0.459616,-0.019391,0.026354,0.112288,-0.004603,0.007161,-0.004040,0.559907,0.350595,-0.633540,-0.402758,93.079675,-25.279652,-98.085034
61596,NaN,4.229527,8.962224,-0.428714,-0.051546,0.014431,0.106551,-0.003142,0.006977,0.000284,0.559927,0.350591,-0.633540,-0.402734,93.079335,-25.282541,-98.082764
61597,NaN,4.229349,8.962336,-0.428127,-0.052045,0.014960,0.106548,-0.003016,0.007728,-0.004953,0.559933,0.350597,-0.633535,-0.402729,93.079082,-25.282551,-98.081382
61598,NaN,4.238133,8.974461,-0.446762,-0.034458,0.010191,0.122151,-0.003872,0.007068,-0.001879,0.559955,0.350607,-0.633523,-0.402707,93.078146,-25.283986,-98.077346
61599,NaN,4.226264,8.929369,-0.417799,-0.061844,0.005156,0.074964,-0.005712,0.003828,-0.001173,0.559961,0.350586,-0.633530,-0.402707,93.077458,-25.286039,-98.078560
61600,NaN,4.228886,8.962637,-0.426408,-0.053459,0.016483,0.106538,0.001063,0.007012,-0.001020,0.559967,0.350591,-0.633540,-0.402677,93.079613,-25.288316,-98.077382
61601,NaN,4.235154,8.941462,-0.436111,-0.044784,0.000982,0.090567,-0.006743,0.004927,-0.001695,0.559977,0.350571,-0.633541,-0.402680,93.078030,-25.290104,-98.077882
61602,NaN,4.235177,8.941484,-0.435427,-0.045205,0.001460,0.090565,-0.003697,0.005310,0.001717,0.559997,0.350558,-0.633545,-0.402657,93.077597,-25.293646,-98.076362
61603,NaN,4.235215,8.941502,-0.434699,-0.045704,0.001988,0.090563,-0.006489,0.007600,-0.001489,0.560016,0.350544,-0.633539,-0.402653,93.075439,-25.295635,-98.075178
61604,NaN,4.204300,8.928386,-0.425669,-0.050550,0.025388,0.065076,-0.005711,0.003828,-0.001174,0.560028,0.350533,-0.633541,-0.402644,93.074701,-25.297637,-98.074575
61605,NaN,4.241263,8.920481,-0.443476,-0.037520,-0.013002,0.074597,-0.004854,0.004487,-0.004250,0.560028,0.350525,-0.633542,-0.402648,93.074282,-25.297951,-98.075266
61606,NaN,4.225488,8.929935,-0.413543,-0.065138,0.008751,0.074940,-0.000951,0.005530,-0.003912,0.560031,0.350536,-0.633542,-0.402634,93.075275,-25.298344,-98.073878
61607,NaN,4.221615,8.952802,-0.462416,-0.015916,0.016472,0.096298,-0.007772,0.006025,-0.002219,0.560045,0.350517,-0.633537,-0.402639,93.072797,-25.299866,-98.073665
61608,NaN,4.225143,8.930164,-0.412123,-0.066088,0.009796,0.074933,-0.004426,0.005401,-0.000446,0.560057,0.350500,-0.633542,-0.402630,93.072126,-25.302369,-98.073665
61609,NaN,4.218660,8.951477,-0.401447,-0.075763,0.026362,0.090886,-0.001506,0.003864,-0.002478,0.560052,0.350495,-0.633555,-0.402619,93.073819,-25.303677,-98.074811
61610,NaN,4.233776,8.942386,-0.430506,-0.048954,0.005604,0.090546,-0.003266,0.005055,-0.005163,0.560049,0.350488,-0.633556,-0.402628,93.073421,-25.303461,-98.075866
61611,NaN,4.208941,8.939850,-0.381202,-0.094668,0.032629,0.075254,-0.005154,0.005493,-0.002610,0.560056,0.350477,-0.633557,-0.402627,93.072581,-25.304743,-98.075976
61612,NaN,4.233163,8.942733,-0.429330,-0.049875,0.006631,0.090541,-0.001980,0.006629,-0.004434,0.560061,0.350485,-0.633554,-0.402618,93.072716,-25.304915,-98.074531
61613,NaN,4.245401,8.932214,-0.398647,-0.082074,-0.005259,0.084788,-0.001678,0.005622,-0.006075,0.560056,0.350494,-0.633555,-0.402615,93.073782,-25.304218,-98.074442
61614,NaN,4.223090,8.931263,-0.409337,-0.068858,0.012912,0.074910,-0.000091,0.006190,-0.006988,0.560050,0.350514,-0.633555,-0.402607,93.075388,-25.303034,-98.073443
61615,NaN,4.247204,8.934201,-0.457637,-0.024148,-0.013060,0.090209,-0.002282,0.007634,-0.002794,0.560058,0.350515,-0.633555,-0.402594,93.075612,-25.304277,-98.072192
61616,NaN,4.222062,8.931783,-0.408600,-0.069859,0.013995,0.074902,0.001071,0.005843,-0.011704,0.560039,0.350551,-0.633552,-0.402595,93.078169,-25.300525,-98.071513
61617,NaN,4.258475,8.924157,-0.426693,-0.056852,-0.024393,0.084455,-0.002708,0.006720,-0.006599,0.560037,0.350562,-0.633547,-0.402595,93.078341,-25.299563,-98.070711
61618,NaN,4.214230,8.922058,-0.448345,-0.029883,0.011357,0.064703,-0.000515,0.005275,-0.010794,0.560027,0.350597,-0.633535,-0.402598,93.079448,-25.295907,-98.068837
61619,NaN,4.250357,8.946248,-0.415784,-0.066936,-0.007347,0.100396,-0.001798,0.003700,-0.011524,0.560004,0.350620,-0.633532,-0.402615,93.080885,-25.292034,-98.069778
61620,NaN,4.227598,8.945491,-0.426691,-0.053694,0.010817,0.090517,0.001850,0.002072,-0.011391,0.559973,0.350648,-0.633539,-0.402622,93.084519,-25.288211,-98.071442
61621,NaN,4.244724,8.969951,-0.465047,-0.018173,0.000893,0.121780,-0.001797,0.003700,-0.011525,0.559950,0.350671,-0.633536,-0.402638,93.085956,-25.284337,-98.072383
61622,NaN,4.197446,8.966440,-0.427137,-0.050154,0.045577,0.096574,-0.000766,0.002601,-0.011003,0.559924,0.350690,-0.633540,-0.402653,93.088142,-25.280836,-98.074260
61623,NaN,4.246631,8.948046,-0.415150,-0.068858,-0.005219,0.100384,0.000385,0.003424,-0.005033,0.559910,0.350697,-0.633554,-0.402644,93.090999,-25.280667,-98.075596
61624,NaN,4.211602,8.957828,-0.456336,-0.023863,0.025308,0.096264,-0.000038,0.002510,-0.008839,0.559888,0.350713,-0.633559,-0.402653,93.093132,-25.278121,-98.077151
61625,NaN,4.204599,8.979353,-0.445853,-0.033542,0.041892,0.112197,-0.000139,0.009867,-0.005143,0.559895,0.350732,-0.633553,-0.402635,93.093946,-25.278089,-98.074408
61626,NaN,4.223174,8.947644,-0.425368,-0.056491,0.013928,0.090498,-0.002959,0.004045,-0.006810,0.559888,0.350738,-0.633552,-0.402642,93.094225,-25.276830,-98.074708
61627,NaN,4.209929,8.958669,-0.455270,-0.025289,0.026862,0.096256,-0.001928,0.002947,-0.006287,0.559874,0.350742,-0.633560,-0.402645,93.095867,-25.275930,-98.076303
61628,NaN,4.224766,8.981405,-0.433620,-0.048661,0.025892,0.122063,-0.003262,0.005051,-0.005169,0.559864,0.350728,-0.633570,-0.402655,93.096230,-25.276145,-98.078973
61629,NaN,4.230696,8.960426,-0.443387,-0.039980,0.010360,0.106129,-0.001675,0.005620,-0.006081,0.559859,0.350738,-0.633571,-0.402652,93.097298,-25.275446,-98.078884
61630,NaN,4.208417,8.959435,-0.454165,-0.026767,0.028503,0.096248,0.000943,0.005090,-0.006469,0.559852,0.350764,-0.633573,-0.402635,93.099917,-25.274452,-98.077374
61631,NaN,4.223501,8.950408,-0.483329,-0.000084,0.007742,0.095961,-0.002535,0.004959,-0.003005,0.559852,0.350760,-0.633580,-0.402628,93.100716,-25.275492,-98.077809
61632,NaN,4.229581,8.961012,-0.442175,-0.041443,0.011971,0.106121,-0.006487,0.007592,-0.001498,0.559867,0.350736,-0.633579,-0.402630,93.098441,-25.277714,-98.078071
61633,NaN,4.251088,8.962405,-0.430652,-0.055647,-0.005126,0.115998,0.001671,0.004999,-0.004305,0.559857,0.350748,-0.633592,-0.402613,93.101620,-25.278011,-98.078436
61634,NaN,4.213550,8.938910,-0.462503,-0.019495,0.014560,0.080312,-0.006604,0.005671,-0.006947,0.559862,0.350749,-0.633578,-0.402627,93.099440,-25.276739,-98.077529
61635,NaN,4.228464,8.961623,-0.440483,-0.042882,0.013532,0.106113,-0.005152,0.005488,-0.002617,0.559869,0.350737,-0.633579,-0.402626,93.098601,-25.278016,-98.077643
61636,NaN,4.210128,8.937740,-0.401404,-0.079329,0.024435,0.074810,-0.004121,0.004390,-0.002094,0.559885,0.350746,-0.633572,-0.402607,93.098314,-25.279206,-98.074666
61637,NaN,4.240712,8.951139,-0.408939,-0.075539,0.002118,0.100337,-0.006434,0.003913,-0.003348,0.559888,0.350730,-0.633574,-0.402614,93.097156,-25.280017,-98.075750
61638,NaN,4.205976,8.960811,-0.449618,-0.030524,0.032612,0.096224,-0.005099,0.001809,-0.004466,0.559887,0.350724,-0.633574,-0.402621,93.096607,-25.279902,-98.076382
61639,NaN,4.218412,8.950204,-0.418700,-0.062725,0.020741,0.090448,-0.005456,0.006493,-0.000976,0.559901,0.350709,-0.633574,-0.402614,93.095347,-25.282149,-98.075915
61640,NaN,4.218316,8.950286,-0.417913,-0.063087,0.021159,0.090445,-0.006738,0.004918,-0.001707,0.559923,0.350705,-0.633560,-0.402608,93.092803,-25.283431,-98.073141
61641,NaN,4.205468,8.961166,-0.447280,-0.031883,0.034085,0.096215,-0.009051,0.004441,-0.002962,0.559933,0.350682,-0.633556,-0.402622,93.090008,-25.284479,-98.073904
61642,NaN,4.220618,8.983757,-0.425211,-0.055137,0.033000,0.122009,-0.002585,0.008637,-0.001157,0.559956,0.350684,-0.633546,-0.402602,93.088853,-25.286413,-98.070488
61643,NaN,4.211419,8.971840,-0.405217,-0.073626,0.038750,0.106347,-0.007767,0.006015,-0.002232,0.559970,0.350665,-0.633541,-0.402607,93.086378,-25.287927,-98.070279
61644,NaN,4.233164,8.941546,-0.444062,-0.037690,0.001827,0.090176,-0.005150,0.005487,-0.002619,0.559991,0.350675,-0.633528,-0.402592,93.084995,-25.288834,-98.066528
61645,NaN,4.217537,8.950846,-0.413764,-0.065364,0.023650,0.090425,-0.008071,0.007020,-0.000591,0.560012,0.350652,-0.633522,-0.402592,93.082098,-25.291318,-98.065739
61646,NaN,4.251949,8.941375,-0.371510,-0.111201,-0.005883,0.094526,-0.005759,0.007498,0.000663,0.560041,0.350642,-0.633513,-0.402574,93.079875,-25.294329,-98.062689
61647,NaN,4.245762,8.930941,-0.411166,-0.070810,-0.009037,0.084391,-0.005201,0.009164,-0.000772,0.560063,0.350631,-0.633507,-0.402561,93.078041,-25.296775,-98.060537
61648,NaN,4.221030,8.896655,-0.412459,-0.066314,-0.001787,0.042935,-0.005010,0.006240,-0.007863,0.560066,0.350640,-0.633493,-0.402573,93.076482,-25.294976,-98.059300
61649,NaN,4.238748,8.920941,-0.450149,-0.030840,-0.011697,0.074260,-0.003055,0.011400,-0.003118,0.560087,0.350648,-0.633480,-0.402556,93.075238,-25.296149,-98.055653
61650,NaN,4.231802,8.942436,-0.439094,-0.040487,0.004858,0.090164,-0.007321,0.005762,-0.009119,0.560097,0.350671,-0.633453,-0.402565,93.072687,-25.293449,-98.051918
61651,NaN,4.234644,8.920026,-0.388876,-0.090672,-0.001793,0.068713,-0.003979,0.005142,-0.007340,0.560092,0.350677,-0.633449,-0.402574,93.072544,-25.292014,-98.052087
61652,NaN,4.236896,8.921924,-0.448097,-0.032304,-0.010142,0.074257,-0.001109,0.007287,-0.007519,0.560088,0.350696,-0.633444,-0.402569,93.073544,-25.290716,-98.050756
61653,NaN,4.242514,8.932670,-0.407113,-0.073695,-0.005923,0.084372,-0.004537,0.003475,-0.005906,0.560081,0.350692,-0.633446,-0.402578,93.073553,-25.290050,-98.052029
61654,NaN,4.207542,8.942484,-0.447870,-0.028700,0.024572,0.080269,-0.005260,0.003567,-0.008073,0.560077,0.350700,-0.633437,-0.402593,93.072624,-25.288017,-98.051852
61655,NaN,4.253013,8.978564,-0.434201,-0.047855,0.000757,0.131606,-0.001666,0.005620,-0.006085,0.560072,0.350709,-0.633438,-0.402590,93.073695,-25.287313,-98.051761
61656,NaN,4.218968,8.932343,-0.416544,-0.061290,0.013182,0.074478,-0.005007,0.006239,-0.007866,0.560075,0.350719,-0.633422,-0.402602,93.071921,-25.285407,-98.050329
61657,NaN,4.258223,8.957993,-0.443470,-0.039557,-0.014326,0.115706,0.002791,0.008335,-0.007174,0.560068,0.350749,-0.633423,-0.402584,93.074796,-25.284164,-98.048484
61658,NaN,4.211326,8.954146,-0.405535,-0.071414,0.030286,0.090365,-0.004283,0.006146,-0.005701,0.560077,0.350761,-0.633411,-0.402581,93.073800,-25.283525,-98.046096
61659,NaN,4.198094,8.965215,-0.435264,-0.040209,0.043204,0.096149,-0.002389,0.005711,-0.008253,0.560068,0.350776,-0.633407,-0.402586,93.074401,-25.281584,-98.045873
61660,NaN,4.219231,8.966778,-0.423791,-0.054290,0.026053,0.106032,-0.000383,0.007194,-0.005355,0.560073,0.350794,-0.633399,-0.402575,93.074805,-25.281040,-98.043454
61661,NaN,4.203546,8.944515,-0.444832,-0.031868,0.028089,0.080250,0.000646,0.006098,-0.004830,0.560068,0.350807,-0.633406,-0.402560,93.077089,-25.281069,-98.043103
61662,NaN,4.231415,8.924748,-0.443620,-0.036796,-0.005128,0.074245,-0.002277,0.007629,-0.002804,0.560081,0.350811,-0.633401,-0.402547,93.076589,-25.282134,-98.040855
61663,NaN,4.224583,8.946149,-0.432934,-0.046486,0.011495,0.090132,-0.001664,0.005619,-0.006088,0.560076,0.350821,-0.633402,-0.402544,93.077660,-25.281429,-98.040764
61664,NaN,4.239793,8.937164,-0.461975,-0.019710,-0.009336,0.089922,-0.001247,0.006532,-0.002279,0.560084,0.350823,-0.633403,-0.402529,93.078036,-25.282750,-98.039387
61665,NaN,4.223815,8.946538,-0.432393,-0.047373,0.012501,0.090126,0.002289,0.002991,-0.007589,0.560060,0.350843,-0.633417,-0.402522,93.082061,-25.281105,-98.040907
61666,NaN,4.229694,8.925626,-0.442385,-0.038619,-0.003115,0.074239,-0.004533,0.003473,-0.005911,0.560060,0.350848,-0.633412,-0.402526,93.081658,-25.280240,-98.040412
61667,NaN,4.216768,8.936555,-0.472139,-0.007414,0.009795,0.080033,-0.002835,0.005961,-0.001369,0.560067,0.350840,-0.633418,-0.402513,93.082034,-25.282245,-98.040265
61668,NaN,4.238236,8.937972,-0.460617,-0.021594,-0.007309,0.089920,-0.002222,0.003952,-0.004653,0.560068,0.350851,-0.633418,-0.402504,93.082892,-25.282165,-98.039266
61669,NaN,4.231459,8.959344,-0.449857,-0.031288,0.009320,0.105800,-0.005145,0.005482,-0.002628,0.560075,0.350839,-0.633419,-0.402503,93.082056,-25.283435,-98.039378
61670,NaN,4.222000,8.947504,-0.430124,-0.049661,0.015047,0.090112,-0.001662,0.005619,-0.006089,0.560068,0.350841,-0.633421,-0.402507,93.082532,-25.282737,-98.040144
61671,NaN,4.212615,8.935628,-0.410357,-0.068125,0.020785,0.074420,-0.005452,0.006487,-0.000986,0.560082,0.350825,-0.633422,-0.402501,93.081273,-25.284977,-98.039677
61672,NaN,4.230493,8.959889,-0.448099,-0.032603,0.010827,0.105795,-0.002690,0.006715,-0.006615,0.560090,0.350847,-0.633407,-0.402494,93.080819,-25.283721,-98.036511
61673,NaN,4.212083,8.935932,-0.409191,-0.069030,0.021774,0.074411,-0.001860,0.008541,0.001004,0.560108,0.350840,-0.633412,-0.402467,93.081091,-25.287162,-98.034812
61674,NaN,4.214520,8.969285,-0.417565,-0.060734,0.033174,0.105973,-0.004278,0.006144,-0.005706,0.560117,0.350854,-0.633400,-0.402461,93.080339,-25.286577,-98.032139
61675,NaN,4.220673,8.948270,-0.427199,-0.052037,0.017592,0.090095,-0.004115,0.004385,-0.002104,0.560120,0.350842,-0.633407,-0.402457,93.080397,-25.288113,-98.032963
61676,NaN,4.242064,8.949715,-0.415816,-0.066248,0.000500,0.099982,0.000145,0.000754,-0.005245,0.560105,0.350855,-0.633420,-0.402447,93.083617,-25.287600,-98.033949
61677,NaN,4.210976,8.936533,-0.407463,-0.070965,0.023824,0.074393,-0.002834,0.005960,-0.001371,0.560112,0.350847,-0.633426,-0.402434,93.083994,-25.289603,-98.033801
61678,NaN,4.228903,8.960777,-0.445333,-0.035530,0.013953,0.105781,-0.003248,0.005047,-0.005181,0.560112,0.350850,-0.633426,-0.402431,93.084257,-25.289514,-98.033496
61679,NaN,4.235029,8.939773,-0.455142,-0.026832,-0.001634,0.089910,-0.002779,0.002284,-0.003220,0.560103,0.350841,-0.633439,-0.402430,93.085633,-25.290347,-98.035612
61680,NaN,4.228216,8.961152,-0.444310,-0.036507,0.014993,0.105776,-0.005612,0.008244,-0.004592,0.560122,0.350848,-0.633423,-0.402424,93.083603,-25.290523,-98.032334
61681,NaN,4.234336,8.940154,-0.454088,-0.027808,-0.000595,0.089907,0.001679,0.005002,-0.004306,0.560112,0.350860,-0.633436,-0.402407,93.086782,-25.290818,-98.032693
61682,NaN,4.212303,8.939051,-0.464677,-0.014518,0.017487,0.080014,-0.007200,0.007673,-0.003684,0.560132,0.350856,-0.633419,-0.402407,93.083872,-25.291431,-98.030138
61683,NaN,4.233655,8.940542,-0.452791,-0.028765,0.000429,0.089905,-0.002995,0.007719,-0.004976,0.560138,0.350863,-0.633414,-0.402402,93.083628,-25.291426,-98.028754
61684,NaN,4.233288,8.940740,-0.452335,-0.029189,0.000903,0.089903,-0.000937,0.005526,-0.003923,0.560141,0.350875,-0.633414,-0.402387,93.084651,-25.291723,-98.027118
61685,NaN,4.223759,8.928915,-0.432606,-0.047641,0.006635,0.074198,-0.005303,0.007239,-0.006236,0.560147,0.350878,-0.633403,-0.402393,93.083197,-25.290983,-98.025994
61686,NaN,4.223309,8.929167,-0.431791,-0.048057,0.007112,0.074195,-0.005610,0.008243,-0.004595,0.560167,0.350886,-0.633384,-0.402389,93.080753,-25.291003,-98.022465
61687,NaN,4.238214,8.951819,-0.409756,-0.071508,0.006180,0.099944,-0.002273,0.007626,-0.002809,0.560175,0.350887,-0.633384,-0.402376,93.080980,-25.292236,-98.021213
61688,NaN,4.228607,8.940013,-0.390262,-0.089939,0.011921,0.084232,-0.000012,0.002514,-0.008850,0.560153,0.350905,-0.633392,-0.402380,93.083678,-25.289921,-98.022708
61689,NaN,4.231012,8.941956,-0.449577,-0.031582,0.003493,0.089896,-0.006114,0.002899,-0.005009,0.560149,0.350893,-0.633394,-0.402393,93.082949,-25.289749,-98.024372
61690,NaN,4.252330,8.943451,-0.437968,-0.045752,-0.013573,0.099788,-0.000936,0.005526,-0.003924,0.560147,0.350894,-0.633399,-0.402385,93.083940,-25.290253,-98.024462
61691,NaN,4.221066,8.930336,-0.429533,-0.050443,0.009733,0.074181,-0.002936,0.004042,-0.006827,0.560137,0.350900,-0.633401,-0.402391,93.084697,-25.289076,-98.025341
61692,NaN,4.220525,8.930614,-0.429079,-0.050872,0.010258,0.074178,-0.001404,0.008289,-0.005887,0.560139,0.350908,-0.633397,-0.402388,93.084762,-25.288609,-98.024280
61693,NaN,4.241756,8.932151,-0.417471,-0.065130,-0.006789,0.084070,-0.003244,0.005046,-0.005185,0.560136,0.350909,-0.633398,-0.402389,93.085094,-25.288402,-98.024580
61694,NaN,4.228649,8.943188,-0.447295,-0.033813,0.006046,0.089887,-0.002935,0.004042,-0.006828,0.560133,0.350920,-0.633393,-0.402393,93.085103,-25.286972,-98.023981
61695,NaN,4.221716,8.964594,-0.436623,-0.043513,0.022703,0.105733,-0.002524,0.004954,-0.003017,0.560133,0.350916,-0.633400,-0.402385,93.085905,-25.288003,-98.024412
61696,NaN,4.243005,8.966104,-0.425021,-0.057739,0.005641,0.115625,-0.002683,0.006713,-0.006622,0.560137,0.350935,-0.633389,-0.402380,93.085842,-25.286954,-98.022072
61697,NaN,4.205720,8.942551,-0.456911,-0.021510,0.025175,0.079985,-0.003300,0.008721,-0.003338,0.560150,0.350937,-0.633384,-0.402369,93.085176,-25.287917,-98.020110
61698,NaN,4.227042,8.944056,-0.445134,-0.035785,0.008146,0.089879,-0.004271,0.006141,-0.005714,0.560155,0.350946,-0.633376,-0.402365,93.084709,-25.287517,-98.018485
61699,NaN,4.226497,8.944345,-0.444483,-0.036283,0.008672,0.089876,-0.003709,0.007808,-0.007150,0.560158,0.350957,-0.633365,-0.402368,93.084000,-25.286271,-98.016969
61700,NaN,4.195227,8.931232,-0.435759,-0.040877,0.031930,0.064256,-0.004579,0.007144,-0.004073,0.560171,0.350959,-0.633355,-0.402365,93.082487,-25.286621,-98.014927
61701,NaN,4.216548,8.932740,-0.423896,-0.055141,0.014889,0.074150,-0.005858,0.005569,-0.004807,0.560175,0.350953,-0.633350,-0.402372,93.081185,-25.286646,-98.014908
61702,NaN,4.246747,8.946433,-0.431184,-0.051398,-0.007395,0.099767,-0.004427,0.007900,-0.009321,0.560182,0.350978,-0.633326,-0.402378,93.079523,-25.283972,-98.011502
61703,NaN,4.217964,8.966615,-0.431355,-0.047333,0.026836,0.105705,-0.004578,0.007144,-0.004074,0.560191,0.350976,-0.633321,-0.402376,93.078540,-25.284465,-98.010511
61704,NaN,4.236697,8.934872,-0.410564,-0.070297,-0.001125,0.084037,-0.005857,0.005568,-0.004808,0.560194,0.350965,-0.633318,-0.402386,93.077017,-25.284606,-98.011063
61705,NaN,4.227026,8.923090,-0.390714,-0.088731,0.004603,0.068307,-0.005238,0.003561,-0.008093,0.560184,0.350966,-0.633314,-0.402404,93.076566,-25.282689,-98.012203
61706,NaN,4.216493,8.967401,-0.429391,-0.048724,0.028416,0.105694,-0.001961,0.006621,-0.004455,0.560184,0.350967,-0.633316,-0.402402,93.076776,-25.282899,-98.012133
61707,NaN,4.222642,8.946426,-0.439225,-0.040019,0.012799,0.089857,-0.002212,0.003950,-0.004662,0.560177,0.350967,-0.633323,-0.402399,93.078004,-25.282958,-98.013143
61708,NaN,4.215609,8.967855,-0.428582,-0.049654,0.029429,0.105686,-0.002930,0.004041,-0.006832,0.560174,0.350980,-0.633318,-0.402401,93.078290,-25.281597,-98.012299
61709,NaN,4.205864,8.956091,-0.408968,-0.068084,0.035156,0.089951,-0.004209,0.002465,-0.007567,0.560160,0.350981,-0.633320,-0.402416,93.078732,-25.279948,-98.014150
61710,NaN,4.242764,8.948531,-0.426840,-0.055214,-0.003210,0.099749,-0.001494,0.003858,-0.002492,0.560157,0.350976,-0.633333,-0.402405,93.080386,-25.281320,-98.015210
61711,NaN,4.196026,8.944386,-0.388965,-0.087001,0.041422,0.074207,-0.004828,0.004472,-0.004282,0.560157,0.350968,-0.633335,-0.402409,93.079978,-25.281612,-98.015903
61712,NaN,4.213910,8.968742,-0.426725,-0.051542,0.031553,0.105670,-0.003800,0.003377,-0.003755,0.560149,0.350948,-0.633345,-0.402421,93.079854,-25.282253,-98.018886
61713,NaN,4.213661,8.968880,-0.426290,-0.052041,0.032080,0.105666,-0.001242,0.006529,-0.002285,0.560153,0.350948,-0.633352,-0.402404,93.080974,-25.283750,-98.018346
61714,NaN,4.241634,8.949166,-0.424759,-0.057115,-0.001092,0.099738,-0.007444,0.004994,-0.003904,0.560164,0.350939,-0.633344,-0.402410,93.078934,-25.284313,-98.017753
61715,NaN,4.232233,8.937247,-0.404867,-0.075540,0.004634,0.083998,-0.005389,0.002804,-0.002848,0.560162,0.350922,-0.633352,-0.402415,93.078678,-25.285374,-98.019551
61716,NaN,4.225454,8.958553,-0.394057,-0.085189,0.021316,0.099815,-0.002269,0.007623,-0.002814,0.560172,0.350922,-0.633351,-0.402402,93.078553,-25.286642,-98.018126
61717,NaN,4.232277,8.905972,-0.454550,-0.026360,-0.014275,0.058190,-0.003548,0.006047,-0.003549,0.560176,0.350919,-0.633352,-0.402397,93.078464,-25.287402,-98.017847
61718,NaN,4.212283,8.969676,-0.423140,-0.054390,0.034683,0.105644,-0.005854,0.005566,-0.004813,0.560185,0.350917,-0.633341,-0.402403,93.076572,-25.287269,-98.016773
61719,NaN,4.234174,8.939616,-0.462189,-0.018552,-0.002305,0.089748,-0.002520,0.004952,-0.003021,0.560185,0.350913,-0.633348,-0.402396,93.077375,-25.288297,-98.017205
61720,NaN,4.239827,8.950206,-0.420859,-0.059897,0.002037,0.099722,-0.007656,0.010426,-0.005664,0.560207,0.350909,-0.633325,-0.402406,93.073275,-25.288065,-98.014457
61721,NaN,4.224248,8.927979,-0.441532,-0.037400,0.003948,0.074002,-0.000369,0.007193,-0.005365,0.560205,0.350923,-0.633326,-0.402395,93.074671,-25.287822,-98.013391
61722,NaN,4.226214,8.961552,-0.449880,-0.029128,0.015434,0.105559,-0.006258,0.004654,-0.008628,0.560201,0.350924,-0.633315,-0.402417,93.072963,-25.285653,-98.013770
61723,NaN,4.266309,8.931276,-0.418008,-0.065922,-0.030092,0.093804,-0.003952,0.005135,-0.007365,0.560195,0.350931,-0.633311,-0.402426,93.072833,-25.284202,-98.013939
61724,NaN,4.230876,8.972620,-0.408092,-0.071068,0.020320,0.115520,-0.003952,0.005135,-0.007365,0.560193,0.350943,-0.633305,-0.402428,93.072866,-25.282812,-98.013104
61725,NaN,4.221687,8.929306,-0.439184,-0.039358,0.006059,0.073993,-0.003951,0.005135,-0.007365,0.560187,0.350949,-0.633301,-0.402437,93.072737,-25.281360,-98.013272
61726,NaN,4.221261,8.929535,-0.438637,-0.039877,0.006631,0.073991,-0.002268,0.007622,-0.002816,0.560193,0.350945,-0.633305,-0.402426,93.073142,-25.282834,-98.012894
61727,NaN,4.199026,8.928509,-0.449278,-0.026579,0.024695,0.064085,-0.003077,0.005800,-0.010445,0.560181,0.350965,-0.633295,-0.402439,93.073290,-25.279641,-98.012537
61728,NaN,4.235217,8.952611,-0.416107,-0.063814,0.006295,0.099696,-0.003295,0.008716,-0.003345,0.560197,0.350969,-0.633286,-0.402428,93.072202,-25.280553,-98.009986
61729,NaN,4.243853,8.964977,-0.434603,-0.046400,0.001627,0.115446,-0.005227,0.003558,-0.008103,0.560187,0.350971,-0.633283,-0.402446,93.071757,-25.278631,-98.011127
61730,NaN,4.228176,8.942795,-0.455545,-0.023740,0.003437,0.089737,-0.000367,0.007193,-0.005366,0.560194,0.350992,-0.633274,-0.402433,93.072118,-25.278038,-98.008208
61731,NaN,4.205436,8.973249,-0.415413,-0.060568,0.041503,0.105582,-0.004260,0.006137,-0.005725,0.560195,0.350994,-0.633269,-0.402436,93.071564,-25.277556,-98.007798
61732,NaN,4.211543,8.952334,-0.425179,-0.051805,0.025806,0.089777,-0.000366,0.007193,-0.005367,0.560202,0.351019,-0.633261,-0.402417,93.072582,-25.277074,-98.004595
61733,NaN,4.217578,8.931454,-0.434980,-0.043092,0.010158,0.073974,-0.003948,0.005134,-0.007369,0.560196,0.351025,-0.633257,-0.402426,93.072455,-25.275620,-98.004763
61734,NaN,4.219526,8.965021,-0.443511,-0.034834,0.021625,0.105529,0.000973,0.005096,-0.006481,0.560189,0.351050,-0.633258,-0.402413,93.074763,-25.274494,-98.003426
61735,NaN,4.225689,8.944073,-0.453529,-0.026122,0.005975,0.089730,-0.002768,0.002280,-0.003231,0.560181,0.351040,-0.633272,-0.402411,93.076142,-25.275320,-98.005541
61736,NaN,4.225441,8.944227,-0.452815,-0.026627,0.006541,0.089728,-0.008776,0.007085,-0.002800,0.560195,0.351015,-0.633266,-0.402424,93.072865,-25.276760,-98.005919
61737,NaN,4.209288,8.953501,-0.422927,-0.054242,0.028439,0.089757,0.002312,0.002999,-0.007594,0.560171,0.351035,-0.633280,-0.402417,93.076898,-25.275111,-98.007430
61738,NaN,4.208829,8.953725,-0.422750,-0.054727,0.028989,0.089753,-0.002517,0.004950,-0.003025,0.560170,0.351027,-0.633289,-0.402412,93.077644,-25.276276,-98.008378
61739,NaN,4.246034,8.946119,-0.440488,-0.041919,-0.009387,0.099630,-0.002829,0.005953,-0.001382,0.560177,0.351019,-0.633295,-0.402399,93.078023,-25.278272,-98.008231
61740,NaN,4.217608,8.966050,-0.440942,-0.037799,0.024858,0.105511,-0.002517,0.004950,-0.003025,0.560177,0.351014,-0.633302,-0.402392,93.078702,-25.279364,-98.008639
61741,NaN,4.236522,8.934231,-0.420395,-0.060799,-0.003132,0.083859,-0.004106,0.004376,-0.002119,0.560180,0.351002,-0.633309,-0.402388,93.078765,-25.280890,-98.009466
61742,NaN,4.223936,8.945067,-0.450254,-0.029502,0.009679,0.089717,-0.002365,0.003190,0.000583,0.560188,0.350990,-0.633320,-0.402369,93.079617,-25.283724,-98.009635
61743,NaN,4.229708,8.955523,-0.409418,-0.070925,0.014059,0.099639,0.000663,0.006098,-0.004839,0.560182,0.351003,-0.633327,-0.402355,93.081906,-25.283748,-98.009278
61744,NaN,4.220916,8.912069,-0.440471,-0.039124,-0.000291,0.058158,-0.008775,0.007083,-0.002803,0.560205,0.350991,-0.633311,-0.402360,93.078139,-25.284870,-98.007129
61745,NaN,4.257296,8.936076,-0.407182,-0.076463,-0.018622,0.093756,-0.000614,0.004522,-0.005575,0.560195,0.350999,-0.633318,-0.402354,93.080113,-25.284423,-98.007745
61746,NaN,4.213589,8.933619,-0.429142,-0.049250,0.016923,0.073936,-0.003542,0.006044,-0.003556,0.560202,0.350996,-0.633316,-0.402351,93.079493,-25.285104,-98.007066
61747,NaN,4.222469,8.945891,-0.447636,-0.031852,0.012257,0.089707,-0.005132,0.005469,-0.002650,0.560209,0.350985,-0.633317,-0.402349,93.078664,-25.286360,-98.007183
61748,NaN,4.235262,8.903810,-0.467590,-0.013843,-0.019660,0.058146,-0.002917,0.004039,-0.006843,0.560208,0.351001,-0.633309,-0.402350,93.078863,-25.284898,-98.005911
61749,NaN,4.243124,8.947751,-0.435340,-0.046586,-0.004270,0.099612,-0.003692,0.007803,-0.007167,0.560210,0.351012,-0.633299,-0.402352,93.078163,-25.283642,-98.004397
61750,NaN,4.242456,8.948101,-0.434668,-0.047070,-0.003763,0.099610,-0.003128,0.009471,-0.008603,0.560222,0.351045,-0.633275,-0.402345,93.077198,-25.281525,-97.999643
61751,NaN,4.248335,8.927335,-0.444163,-0.038354,-0.019431,0.083832,-0.005994,0.007320,-0.008435,0.560224,0.351053,-0.633259,-0.402360,93.075291,-25.279528,-97.998391
61752,NaN,4.225495,8.957768,-0.403772,-0.075136,0.018655,0.099601,-0.003290,0.008713,-0.003352,0.560241,0.351061,-0.633249,-0.402345,93.074368,-25.280402,-97.995333
61753,NaN,4.222416,8.924779,-0.394348,-0.084310,0.008176,0.068042,-0.001787,0.007375,-0.009717,0.560234,0.351085,-0.633239,-0.402350,93.074838,-25.277672,-97.994002
61754,NaN,4.239874,8.949449,-0.432094,-0.048960,-0.001694,0.099602,-0.003627,0.004130,-0.009019,0.560224,0.351095,-0.633233,-0.402365,93.074693,-25.275195,-97.994434
61755,NaN,4.229895,8.937734,-0.412584,-0.067348,0.004021,0.083816,-0.002287,0.002034,-0.010132,0.560200,0.351109,-0.633236,-0.402382,93.076314,-25.272065,-97.996469
61756,NaN,4.209997,8.970042,-0.432405,-0.045315,0.033098,0.105455,-0.000298,0.003520,-0.007221,0.560179,0.351111,-0.633248,-0.402390,93.078526,-25.270817,-97.999188
61757,NaN,4.237674,8.950533,-0.431231,-0.050425,-0.000087,0.099594,-0.001887,0.002945,-0.006315,0.560164,0.351115,-0.633256,-0.402393,93.080184,-25.269898,-98.000776
61758,NaN,4.224483,8.961658,-0.461231,-0.019206,0.012766,0.105467,-0.000759,0.006281,-0.009189,0.560156,0.351142,-0.633250,-0.402391,93.081523,-25.267475,-97.999497
61759,NaN,4.214711,8.949851,-0.441549,-0.037590,0.018481,0.089677,-0.007118,0.003980,-0.005566,0.560155,0.351131,-0.633246,-0.402407,93.079916,-25.267017,-98.000455
61760,NaN,4.214383,8.950035,-0.440954,-0.038035,0.018977,0.089675,-0.001238,0.006525,-0.002292,0.560167,0.351141,-0.633246,-0.402385,93.080678,-25.268389,-97.998108
61761,NaN,4.229093,8.972686,-0.419128,-0.061581,0.018202,0.115347,-0.000360,0.007192,-0.005372,0.560165,0.351155,-0.633247,-0.402373,93.082078,-25.268141,-97.997041
61762,NaN,4.220157,8.929328,-0.450598,-0.029693,0.003712,0.073908,-0.000296,0.003520,-0.007222,0.560161,0.351185,-0.633240,-0.402363,93.083608,-25.266196,-97.994810
61763,NaN,4.234737,8.952038,-0.428827,-0.053240,0.002938,0.099579,-0.002514,0.004948,-0.003030,0.560161,0.351181,-0.633247,-0.402356,93.084414,-25.267218,-97.995242
61764,NaN,4.234433,8.952197,-0.428497,-0.053715,0.003475,0.099577,-0.001173,0.002853,-0.004142,0.560150,0.351178,-0.633261,-0.402352,93.086394,-25.267614,-97.997107
61765,NaN,4.205927,8.972111,-0.429080,-0.049598,0.037715,0.105418,-0.002828,0.005949,-0.001387,0.560157,0.351170,-0.633267,-0.402339,93.086773,-25.269607,-97.996961
61766,NaN,4.234127,8.952394,-0.427416,-0.054726,0.004570,0.099571,-0.008309,0.004314,-0.000845,0.560165,0.351134,-0.633273,-0.402350,93.084583,-25.272081,-97.999185
61767,NaN,4.234673,8.921054,-0.477484,-0.005075,-0.015013,0.073940,-0.004815,0.004463,-0.004300,0.560165,0.351127,-0.633275,-0.402354,93.084183,-25.272362,-97.999880
61768,NaN,4.211862,8.951397,-0.437376,-0.041914,0.023151,0.089650,-0.000359,0.007192,-0.005373,0.560164,0.351142,-0.633276,-0.402340,93.085782,-25.272246,-97.998679
61769,NaN,4.227512,8.942501,-0.466057,-0.015318,0.002277,0.089694,-0.007097,0.009562,0.001741,0.560196,0.351119,-0.633269,-0.402325,93.082785,-25.276140,-97.996354
61770,NaN,4.227425,8.942591,-0.465113,-0.015836,0.002796,0.089693,-0.005589,0.008226,-0.004626,0.560215,0.351131,-0.633252,-0.402316,93.081039,-25.276305,-97.992574
61771,NaN,4.223827,8.940969,-0.404592,-0.075143,0.012410,0.083753,-0.006153,0.006558,-0.003189,0.560226,0.351121,-0.633247,-0.402317,93.079323,-25.277286,-97.991981
61772,NaN,4.232612,8.953324,-0.422913,-0.057705,0.007689,0.099552,-0.003998,0.008802,-0.005532,0.560246,0.351143,-0.633225,-0.402305,93.077748,-25.276698,-97.987125
61773,NaN,4.198966,8.906744,-0.405424,-0.070886,0.019860,0.042278,-0.006153,0.006557,-0.003190,0.560257,0.351132,-0.633220,-0.402307,93.076032,-25.277678,-97.986532
61774,NaN,4.232039,8.953664,-0.421444,-0.058681,0.008753,0.099545,-0.004102,0.004371,-0.002127,0.560260,0.351119,-0.633227,-0.402304,93.075964,-25.279273,-97.987455
61775,NaN,4.222560,8.941692,-0.401834,-0.077050,0.014463,0.083736,-0.001381,0.008285,-0.005906,0.560263,0.351134,-0.633222,-0.402295,93.076476,-25.278753,-97.985676
61776,NaN,4.206236,8.950940,-0.371975,-0.104515,0.036332,0.083668,-0.002656,0.006707,-0.006644,0.560267,0.351149,-0.633210,-0.402294,93.075829,-25.277507,-97.983566
61777,NaN,4.237530,8.933156,-0.430127,-0.050832,-0.005952,0.083793,-0.004416,0.005372,-0.000485,0.560277,0.351132,-0.633216,-0.402285,93.075468,-25.279999,-97.983814
61778,NaN,4.249708,8.922521,-0.399361,-0.082977,-0.017753,0.077899,-0.000040,0.006190,-0.007018,0.560271,0.351150,-0.633215,-0.402280,93.076841,-25.278731,-97.983060
61779,NaN,4.230144,8.954671,-0.419066,-0.060982,0.011307,0.099529,-0.002510,0.004947,-0.003033,0.560270,0.351146,-0.633222,-0.402273,93.077649,-25.279751,-97.983491
61780,NaN,4.236273,8.933809,-0.428949,-0.052241,-0.004376,0.083787,-0.000749,0.006282,-0.009194,0.560260,0.351169,-0.633218,-0.402274,93.078917,-25.277398,-97.982717
61781,NaN,4.223054,8.944975,-0.458950,-0.021024,0.008457,0.089680,-0.001314,0.004613,-0.007757,0.560248,0.351183,-0.633220,-0.402276,93.080432,-25.275706,-97.983198
61782,NaN,4.228169,8.955649,-0.418106,-0.062421,0.012887,0.099518,0.000277,0.005189,-0.008662,0.560236,0.351210,-0.633218,-0.402272,93.082422,-25.273443,-97.982292
61783,NaN,4.215198,8.966697,-0.448072,-0.031204,0.025719,0.105411,-0.002260,0.007616,-0.002828,0.560244,0.351211,-0.633218,-0.402259,93.082655,-25.274663,-97.981042
61784,NaN,4.221315,8.945850,-0.457886,-0.022407,0.010009,0.089675,-0.002023,0.004704,-0.009934,0.560230,0.351226,-0.633214,-0.402273,93.083242,-25.271759,-97.981597
61785,NaN,4.220693,8.946175,-0.457273,-0.022905,0.010534,0.089674,-0.005585,0.008223,-0.004632,0.560242,0.351226,-0.633202,-0.402274,93.081380,-25.271965,-97.979901
61786,NaN,4.204503,8.955344,-0.427269,-0.050445,0.032448,0.089584,-0.001944,0.006615,-0.004472,0.560250,0.351240,-0.633197,-0.402259,93.081747,-25.272108,-97.977447
61787,NaN,4.225735,8.956928,-0.415310,-0.064799,0.015491,0.099499,-0.006609,0.009315,-0.005166,0.560267,0.351240,-0.633179,-0.402263,93.078996,-25.272042,-97.975041
61788,NaN,4.271915,8.961750,-0.451519,-0.034170,-0.028068,0.125327,-0.006608,0.009315,-0.005166,0.560285,0.351240,-0.633161,-0.402267,93.075949,-25.271961,-97.972457
61789,NaN,4.203162,8.956102,-0.424551,-0.051892,0.034017,0.089572,-0.007317,0.009406,-0.007343,0.560299,0.351246,-0.633138,-0.402279,93.072736,-25.270653,-97.969920
61790,NaN,4.231041,8.936595,-0.422507,-0.056981,0.000798,0.083762,-0.008764,0.007069,-0.002826,0.560323,0.351236,-0.633120,-0.402282,93.069081,-25.271740,-97.967433
61791,NaN,4.218020,8.947704,-0.451991,-0.025763,0.013623,0.089663,-0.002793,0.008466,-0.010263,0.560320,0.351261,-0.633104,-0.402289,93.068672,-25.268731,-97.965391
61792,NaN,4.217426,8.948033,-0.451008,-0.026260,0.014159,0.089661,-0.010812,0.009252,-0.003894,0.560348,0.351247,-0.633080,-0.402300,93.063545,-25.269452,-97.962602
61793,NaN,4.229441,8.937480,-0.419786,-0.058475,0.002386,0.083753,-0.002899,0.004036,-0.006857,0.560338,0.351253,-0.633082,-0.402306,93.064321,-25.268257,-97.963479
61794,NaN,4.222099,8.958938,-0.408877,-0.068249,0.019178,0.099469,-0.005972,0.007312,-0.008457,0.560346,0.351272,-0.633062,-0.402310,93.062764,-25.266359,-97.960471
61795,NaN,4.199907,8.957875,-0.419331,-0.054882,0.037181,0.089544,-0.005830,0.005551,-0.004843,0.560350,0.351266,-0.633057,-0.402317,93.061480,-25.266362,-97.960457
61796,NaN,4.206143,8.937005,-0.428909,-0.046153,0.021491,0.073822,-0.004239,0.006128,-0.005747,0.560352,0.351268,-0.633053,-0.402319,93.060959,-25.266027,-97.959925
61797,NaN,4.208166,8.970545,-0.437011,-0.038027,0.033084,0.105366,-0.005830,0.005551,-0.004844,0.560356,0.351262,-0.633048,-0.402326,93.059675,-25.266030,-97.959912
61798,NaN,4.226881,8.938858,-0.416214,-0.061001,0.005111,0.083736,-0.003989,0.008798,-0.005542,0.560362,0.351260,-0.633042,-0.402330,93.058506,-25.265975,-97.959291
61799,NaN,4.207514,8.970916,-0.435662,-0.039008,0.034179,0.105358,-0.003390,0.004276,0.000043,0.560367,0.351242,-0.633055,-0.402317,93.059035,-25.268735,-97.960249
61800,NaN,4.213933,8.949958,-0.445437,-0.030168,0.018448,0.089643,-0.002647,0.006705,-0.006652,0.560363,0.351242,-0.633052,-0.402328,93.058523,-25.267781,-97.960823
61801,NaN,4.225322,8.995600,-0.472423,-0.004201,0.024870,0.137022,-0.009395,0.009065,0.000455,0.560395,0.351216,-0.633040,-0.402325,93.054324,-25.270923,-97.958765
61802,NaN,4.226249,8.939293,-0.413277,-0.062830,0.007195,0.083724,-0.004731,0.006367,0.001152,0.560417,0.351200,-0.633041,-0.402307,93.053186,-25.274347,-97.957354
61803,NaN,4.244612,8.963691,-0.450681,-0.027640,-0.002633,0.115396,-0.005438,0.006459,-0.001025,0.560430,0.351184,-0.633041,-0.402301,93.051937,-25.276562,-97.956895
61804,NaN,4.220500,8.929073,-0.452427,-0.022922,0.004327,0.073925,-0.004164,0.008036,-0.000285,0.560450,0.351176,-0.633042,-0.402280,93.051306,-25.279476,-97.955018
61805,NaN,4.226260,8.939388,-0.411104,-0.064366,0.008819,0.083712,-0.004163,0.008036,-0.000285,0.560468,0.351165,-0.633041,-0.402265,93.050371,-25.282163,-97.953586
61806,NaN,4.235283,8.951676,-0.429607,-0.046975,0.004162,0.099550,-0.000664,0.008191,-0.003735,0.560476,0.351175,-0.633040,-0.402248,93.051033,-25.282883,-97.951627
61807,NaN,4.232723,8.918453,-0.420080,-0.056086,-0.006393,0.068002,-0.008368,0.007973,0.000986,0.560504,0.351148,-0.633034,-0.402242,93.047724,-25.286295,-97.950278
61808,NaN,4.226103,8.939566,-0.408857,-0.065705,0.010369,0.083702,-0.003912,0.010705,-0.000080,0.560533,0.351142,-0.633023,-0.402223,93.045513,-25.289142,-97.946778
61809,NaN,4.244286,8.964053,-0.446540,-0.030526,0.000545,0.115388,0.001702,0.005008,-0.004311,0.560524,0.351154,-0.633036,-0.402206,93.048699,-25.289433,-97.947126
61810,NaN,4.232290,8.918741,-0.418322,-0.057432,-0.004835,0.067996,-0.004551,0.007128,-0.004108,0.560536,0.351155,-0.633028,-0.402201,93.047475,-25.289966,-97.945254
61811,NaN,4.225217,8.940046,-0.407507,-0.067159,0.011953,0.083691,-0.002186,0.003945,-0.004684,0.560529,0.351156,-0.633035,-0.402199,93.048716,-25.290012,-97.946263
61812,NaN,4.249939,8.943518,-0.455386,-0.022637,-0.014175,0.099687,-0.003277,0.008705,-0.003368,0.560546,0.351160,-0.633024,-0.402189,93.047270,-25.290819,-97.943445
61813,NaN,4.233761,8.952589,-0.425562,-0.050201,0.007790,0.099532,-0.000912,0.005522,-0.003943,0.560543,0.351164,-0.633031,-0.402178,93.048824,-25.291337,-97.943480
61814,NaN,4.211821,8.951400,-0.436334,-0.036822,0.025794,0.089604,-0.004550,0.007127,-0.004110,0.560555,0.351168,-0.633023,-0.402170,93.047924,-25.291928,-97.941456
61815,NaN,4.245439,8.942167,-0.394121,-0.082927,-0.003417,0.093601,-0.001367,0.008283,-0.005915,0.560558,0.351183,-0.633018,-0.402161,93.048443,-25.291402,-97.939678
61816,NaN,4.230057,8.919940,-0.415329,-0.060250,-0.001688,0.067980,-0.000593,0.004522,-0.005587,0.560546,0.351185,-0.633027,-0.402161,93.050070,-25.291078,-97.941185
61817,NaN,4.232244,8.953405,-0.423483,-0.052147,0.009933,0.099520,-0.006208,0.010217,-0.001359,0.560573,0.351176,-0.633015,-0.402151,93.047357,-25.293217,-97.938336
61818,NaN,4.247778,8.944710,-0.452118,-0.025484,-0.011010,0.099684,-0.001048,0.007283,-0.007560,0.560571,0.351193,-0.633008,-0.402151,93.047635,-25.291654,-97.937015
61819,NaN,4.222148,8.941693,-0.403175,-0.070872,0.016134,0.083659,-0.003980,0.008796,-0.005549,0.560580,0.351200,-0.632996,-0.402148,93.046523,-25.291352,-97.934925
61820,NaN,4.218457,8.964969,-0.451950,-0.021763,0.023744,0.105441,-0.003206,0.005035,-0.005221,0.560581,0.351204,-0.632994,-0.402148,93.046488,-25.291058,-97.934444
61821,NaN,4.230401,8.954396,-0.420926,-0.053983,0.011994,0.099508,-0.005002,0.009887,-0.006085,0.560595,0.351213,-0.632977,-0.402148,93.044488,-25.290483,-97.931646
61822,NaN,4.217292,8.965589,-0.450532,-0.022706,0.024781,0.105437,-0.002773,0.008466,-0.010275,0.560596,0.351243,-0.632956,-0.402152,93.043728,-25.287430,-97.928540
61823,NaN,4.214108,8.932666,-0.440929,-0.031799,0.014203,0.073892,-0.009139,0.006152,-0.006667,0.560604,0.351234,-0.632940,-0.402174,93.040358,-25.286408,-97.928084
61824,NaN,4.200142,8.975133,-0.419658,-0.050740,0.047315,0.105251,-0.000341,0.007191,-0.005383,0.560601,0.351242,-0.632944,-0.402166,93.041681,-25.286350,-97.927869
61825,NaN,4.237221,8.967858,-0.437136,-0.038082,0.008947,0.115357,-0.005819,0.005547,-0.004856,0.560605,0.351236,-0.632939,-0.402173,93.040403,-25.286346,-97.927858
61826,NaN,4.233339,8.966118,-0.376735,-0.097241,0.018618,0.109236,-0.004546,0.007125,-0.004115,0.560617,0.351235,-0.632929,-0.402173,93.038667,-25.286704,-97.926240
61827,NaN,4.227383,8.956021,-0.416665,-0.056787,0.015137,0.099488,-0.005114,0.005455,-0.002678,0.560624,0.351223,-0.632930,-0.402172,93.037849,-25.287944,-97.926360
61828,NaN,4.233825,8.935096,-0.426297,-0.048076,-0.000536,0.083809,-0.004795,0.004456,-0.004321,0.560617,0.351202,-0.632941,-0.402184,93.037668,-25.288657,-97.929401
61829,NaN,4.233440,8.935302,-0.425807,-0.048574,-0.000010,0.083806,-0.002181,0.003944,-0.004688,0.560609,0.351202,-0.632949,-0.402182,93.038910,-25.288701,-97.930410
61830,NaN,4.233070,8.935503,-0.425273,-0.048949,0.000430,0.083805,-0.004545,0.007124,-0.004116,0.560625,0.351209,-0.632934,-0.402177,93.037085,-25.288787,-97.927545
61831,NaN,4.223359,8.923550,-0.405856,-0.067265,0.006127,0.067933,0.001322,0.004102,-0.008135,0.560606,0.351230,-0.632942,-0.402174,93.040242,-25.286863,-97.928338
61832,NaN,4.198086,8.945469,-0.465980,-0.004254,0.031214,0.079809,-0.008751,0.007057,-0.002849,0.560616,0.351194,-0.632938,-0.402196,93.036543,-25.288269,-97.930130
61833,NaN,4.240721,8.948533,-0.442626,-0.032568,-0.003132,0.099669,-0.001995,0.004706,-0.009949,0.560600,0.351213,-0.632935,-0.402206,93.037611,-25.285326,-97.930480
61834,NaN,4.211629,8.968612,-0.443263,-0.028337,0.031108,0.105404,-0.001041,0.007283,-0.007564,0.560597,0.351230,-0.632929,-0.402205,93.038225,-25.283813,-97.929398
61835,NaN,4.223461,8.958068,-0.412398,-0.060560,0.019373,0.099459,-0.004224,0.006125,-0.005761,0.560598,0.351233,-0.632925,-0.402209,93.037691,-25.283309,-97.928991
61836,NaN,4.229817,8.937194,-0.422082,-0.051692,0.003539,0.083790,-0.003521,0.006033,-0.003582,0.560609,0.351236,-0.632917,-0.402203,93.036701,-25.283771,-97.927103
61837,NaN,4.210256,8.969346,-0.441470,-0.029698,0.032619,0.105396,-0.005246,0.007215,-0.006298,0.560614,0.351239,-0.632906,-0.402209,93.035280,-25.282992,-97.925988
61838,NaN,4.222291,8.958714,-0.410346,-0.061822,0.020900,0.099448,-0.004863,0.008122,-0.002475,0.560625,0.351219,-0.632905,-0.402214,93.033279,-25.284580,-97.926359
61839,NaN,4.228839,8.937756,-0.419984,-0.053090,0.005132,0.083782,-0.002248,0.007610,-0.002840,0.560634,0.351221,-0.632905,-0.402200,93.033517,-25.285792,-97.925110
61840,NaN,4.216096,8.948780,-0.449950,-0.021820,0.017921,0.089726,-0.000586,0.004522,-0.005592,0.560622,0.351224,-0.632914,-0.402199,93.035241,-25.285408,-97.926457
61841,NaN,4.230571,8.971453,-0.427674,-0.045467,0.017318,0.115315,-0.008748,0.007054,-0.002854,0.560640,0.351206,-0.632903,-0.402207,93.031905,-25.286595,-97.925560
61842,NaN,4.234654,8.917204,-0.428473,-0.045238,-0.009666,0.068116,-0.002497,0.004941,-0.003047,0.560652,0.351220,-0.632897,-0.402189,93.032188,-25.287198,-97.922644
61843,NaN,4.243534,8.929618,-0.446857,-0.027929,-0.014311,0.083996,-0.005564,0.008213,-0.004657,0.560664,0.351219,-0.632886,-0.402190,93.030338,-25.287389,-97.920952
61844,NaN,4.221578,8.928437,-0.457537,-0.014493,0.003673,0.074062,-0.001927,0.006611,-0.004485,0.560664,0.351220,-0.632889,-0.402184,93.030943,-25.287843,-97.920992
61845,NaN,4.242727,8.930056,-0.445746,-0.028913,-0.013226,0.083995,-0.001357,0.008281,-0.005923,0.560666,0.351235,-0.632884,-0.402175,93.031466,-25.287312,-97.919215
61846,NaN,4.235466,8.951406,-0.434786,-0.038602,0.003606,0.099647,-0.004993,0.009882,-0.006096,0.560682,0.351243,-0.632866,-0.402176,93.029204,-25.286781,-97.916242
61847,NaN,4.228048,8.972822,-0.423897,-0.048334,0.020436,0.115296,-0.000715,0.006284,-0.009211,0.560670,0.351267,-0.632862,-0.402178,93.030588,-25.284308,-97.915618
61848,NaN,4.234270,8.952022,-0.433738,-0.039624,0.004707,0.099642,-0.003518,0.006031,-0.003585,0.560672,0.351260,-0.632866,-0.402174,93.030707,-25.285304,-97.916040
61849,NaN,4.224473,8.940086,-0.414293,-0.057924,0.010402,0.083751,-0.002235,0.002037,-0.010161,0.560648,0.351273,-0.632869,-0.402191,93.032355,-25.282159,-97.918072
61850,NaN,4.216948,8.961531,-0.403728,-0.067635,0.027283,0.099394,-0.000013,0.006192,-0.007031,0.560636,0.351281,-0.632876,-0.402191,93.034114,-25.281202,-97.919064
61851,NaN,4.213905,8.928514,-0.394787,-0.076699,0.016669,0.067852,-0.000262,0.003524,-0.007238,0.560618,0.351294,-0.632884,-0.402190,93.036532,-25.279774,-97.920253
61852,NaN,4.229381,8.919934,-0.423699,-0.050135,-0.004274,0.068096,-0.004789,0.004452,-0.004330,0.560621,0.351288,-0.632884,-0.402193,93.035967,-25.280123,-97.920495
61853,NaN,4.221984,8.941326,-0.412911,-0.059867,0.012562,0.083737,-0.001984,0.004705,-0.009956,0.560605,0.351307,-0.632880,-0.402204,93.037040,-25.277176,-97.920845
61854,NaN,4.230311,8.954000,-0.431548,-0.042464,0.007909,0.099629,-0.001984,0.004705,-0.009957,0.560588,0.351318,-0.632877,-0.402222,93.037436,-25.274241,-97.922074
61855,NaN,4.236549,8.933206,-0.441390,-0.033730,-0.007879,0.083985,-0.002247,0.007608,-0.002844,0.560597,0.351320,-0.632878,-0.402209,93.037676,-25.275451,-97.920827
61856,NaN,4.207739,8.953117,-0.441830,-0.029474,0.026360,0.089687,-0.004918,0.006213,-0.007950,0.560598,0.351329,-0.632864,-0.402219,93.036335,-25.273670,-97.919604
61857,NaN,4.207019,8.953477,-0.441384,-0.029971,0.026885,0.089684,0.000311,0.005193,-0.008677,0.560583,0.351352,-0.632866,-0.402218,93.038609,-25.271469,-97.919689
61858,NaN,4.212054,8.963986,-0.400287,-0.071428,0.031529,0.099355,-0.004539,0.007119,-0.004126,0.560589,0.351344,-0.632865,-0.402219,93.037667,-25.272170,-97.919543
61859,NaN,4.204960,8.985233,-0.389228,-0.081160,0.048376,0.114985,-0.006131,0.006539,-0.003226,0.560600,0.351334,-0.632859,-0.402221,93.035965,-25.273130,-97.918959
61860,NaN,4.227430,8.955526,-0.428101,-0.045312,0.011095,0.099613,-0.004787,0.004451,-0.004332,0.560598,0.351319,-0.632862,-0.402232,93.035021,-25.273451,-97.920530
61861,NaN,4.232687,8.965934,-0.386728,-0.086774,0.015706,0.109278,-0.006130,0.006538,-0.003226,0.560609,0.351309,-0.632857,-0.402234,93.033319,-25.274410,-97.919947
61862,NaN,4.217690,8.943601,-0.407491,-0.064071,0.017349,0.083703,-0.007722,0.005958,-0.002326,0.560620,0.351283,-0.632855,-0.402244,93.030736,-25.276076,-97.920793
61863,NaN,4.226573,8.956050,-0.425578,-0.046782,0.012708,0.099604,-0.006829,0.006630,-0.005409,0.560628,0.351278,-0.632844,-0.402254,93.028577,-25.275789,-97.920079
61864,NaN,4.242141,8.947487,-0.454054,-0.020168,-0.008289,0.099879,-0.005807,0.005540,-0.004871,0.560635,0.351270,-0.632837,-0.402263,93.026691,-25.275675,-97.919843
61865,NaN,4.216614,8.944228,-0.404837,-0.065471,0.018898,0.083691,-0.008743,0.007047,-0.002866,0.560652,0.351253,-0.632826,-0.402271,93.023360,-25.276855,-97.918950
61866,NaN,4.247083,8.958077,-0.411712,-0.062089,-0.003140,0.109535,-0.001922,0.006610,-0.004490,0.560654,0.351257,-0.632826,-0.402265,93.023767,-25.277143,-97.918313
61867,NaN,4.217297,8.913289,-0.454288,-0.016225,-0.000473,0.058403,-0.007472,0.008625,-0.002122,0.560677,0.351243,-0.632814,-0.402264,93.020748,-25.278796,-97.916447
61868,NaN,4.231758,8.935941,-0.431863,-0.039875,-0.001030,0.083966,-0.003192,0.005031,-0.005235,0.560679,0.351251,-0.632811,-0.402259,93.020905,-25.278513,-97.915392
61869,NaN,4.215201,8.945021,-0.402035,-0.067390,0.020993,0.083674,-0.003890,0.005123,-0.007417,0.560673,0.351258,-0.632807,-0.402268,93.020808,-25.277032,-97.915564
61870,NaN,4.237497,8.915444,-0.440974,-0.031575,-0.016308,0.068341,-0.005805,0.005539,-0.004874,0.560675,0.351245,-0.632804,-0.402281,93.019146,-25.277087,-97.916437
61871,NaN,4.223352,8.957846,-0.419712,-0.050543,0.016884,0.099579,-0.003890,0.005123,-0.007418,0.560669,0.351251,-0.632800,-0.402290,93.019050,-25.275604,-97.916610
61872,NaN,4.222673,8.958194,-0.419124,-0.050989,0.017469,0.099576,-0.005159,0.003544,-0.008163,0.560651,0.351233,-0.632806,-0.402322,93.018366,-25.274006,-97.920744
61873,NaN,4.222049,8.958524,-0.418348,-0.051488,0.017996,0.099573,-0.008095,0.005049,-0.006158,0.560654,0.351224,-0.632796,-0.402341,93.015898,-25.273242,-97.921005
61874,NaN,4.216062,8.948571,-0.458317,-0.010934,0.014401,0.089930,-0.001921,0.006609,-0.004491,0.560657,0.351227,-0.632795,-0.402336,93.016022,-25.273499,-97.920365
61875,NaN,4.199681,8.957550,-0.428445,-0.038441,0.036431,0.089624,-0.004534,0.007117,-0.004131,0.560665,0.351225,-0.632790,-0.402334,93.015065,-25.273958,-97.919386
61876,NaN,4.220877,8.959172,-0.416300,-0.052787,0.019517,0.099563,-0.005555,0.008206,-0.004670,0.560681,0.351225,-0.632774,-0.402338,93.012477,-25.273938,-97.917190
61877,NaN,4.239724,8.927437,-0.395607,-0.075783,-0.008519,0.077969,-0.002491,0.004938,-0.003054,0.560681,0.351221,-0.632781,-0.402330,93.013293,-25.274947,-97.917624
61878,NaN,4.211147,8.947193,-0.396140,-0.071454,0.025720,0.083634,-0.003835,0.007025,-0.001948,0.560692,0.351209,-0.632780,-0.402326,93.012134,-25.276634,-97.917113
61879,NaN,4.232365,8.948791,-0.384255,-0.085913,0.008862,0.093572,-0.001596,0.005612,-0.006137,0.560687,0.351219,-0.632781,-0.402323,93.013238,-25.275899,-97.917019
61880,NaN,4.217267,8.926509,-0.405601,-0.063095,0.010384,0.068017,-0.001470,0.003849,-0.002516,0.560684,0.351210,-0.632792,-0.402318,93.014153,-25.277018,-97.918286
61881,NaN,4.238432,8.928129,-0.393818,-0.077557,-0.006473,0.077956,-0.002616,0.006701,-0.006676,0.560682,0.351221,-0.632787,-0.402318,93.014370,-25.276008,-97.917484
61882,NaN,4.232397,8.918207,-0.434024,-0.037019,-0.010085,0.068330,-0.003436,0.002362,-0.005445,0.560671,0.351214,-0.632794,-0.402328,93.014878,-25.275578,-97.919614
61883,NaN,4.215898,8.927206,-0.404479,-0.064520,0.011953,0.068006,0.000446,0.003433,-0.005060,0.560657,0.351222,-0.632808,-0.402319,93.017755,-25.275394,-97.920934
61884,NaN,4.236991,8.928853,-0.392925,-0.078887,-0.004893,0.077947,-0.000574,0.004522,-0.005599,0.560644,0.351219,-0.632818,-0.402324,93.019127,-25.275047,-97.922971
61885,NaN,4.224110,8.939982,-0.423035,-0.047649,0.007847,0.083928,-0.000002,0.006193,-0.007037,0.560636,0.351238,-0.632820,-0.402317,93.020974,-25.273815,-97.922479
61886,NaN,4.223553,8.940255,-0.422829,-0.048106,0.008411,0.083926,-0.000822,0.001854,-0.005806,0.560613,0.351229,-0.632839,-0.402326,93.023310,-25.273401,-97.926439
61887,NaN,4.206819,8.949350,-0.393393,-0.075602,0.030456,0.083590,-0.001195,0.000949,-0.009634,0.560585,0.351242,-0.632848,-0.402340,93.025852,-25.270525,-97.929179
61888,NaN,4.213167,8.928535,-0.403616,-0.066815,0.014659,0.067987,0.000572,0.001671,-0.001438,0.560567,0.351223,-0.632878,-0.402333,93.029051,-25.272564,-97.933564
61889,NaN,4.252840,8.954682,-0.430061,-0.045764,-0.012521,0.109796,-0.000574,0.004522,-0.005600,0.560557,0.351231,-0.632886,-0.402328,93.031042,-25.272104,-97.934178
61890,NaN,4.214758,8.962259,-0.411835,-0.059195,0.026861,0.099510,-0.003435,0.002361,-0.005446,0.560550,0.351230,-0.632889,-0.402334,93.031383,-25.271503,-97.935371
61891,NaN,4.230316,8.953744,-0.440840,-0.032698,0.005864,0.099847,-0.000821,0.001854,-0.005806,0.560531,0.351233,-0.632903,-0.402335,93.033949,-25.270844,-97.937666
61892,NaN,4.229859,8.953973,-0.440584,-0.033127,0.006364,0.099846,-0.002166,0.003940,-0.004701,0.560529,0.351238,-0.632905,-0.402330,93.034737,-25.270788,-97.937459
61893,NaN,4.229477,8.954168,-0.440292,-0.033626,0.006890,0.099844,-0.001145,0.002851,-0.004162,0.560518,0.351238,-0.632919,-0.402325,93.036871,-25.271100,-97.939178
61894,NaN,4.229073,8.954376,-0.439932,-0.034050,0.007397,0.099842,-0.003186,0.005028,-0.005241,0.560518,0.351240,-0.632917,-0.402326,93.036747,-25.270815,-97.938914
61895,NaN,4.228587,8.954627,-0.439493,-0.034549,0.007924,0.099840,-0.001593,0.005610,-0.006140,0.560512,0.351250,-0.632918,-0.402323,93.037851,-25.270079,-97.938820
61896,NaN,4.228177,8.954844,-0.439018,-0.035013,0.008469,0.099838,-0.003510,0.006025,-0.003597,0.560516,0.351244,-0.632920,-0.402320,93.037585,-25.270948,-97.938859
61897,NaN,4.256126,8.935470,-0.437436,-0.040259,-0.024735,0.094197,-0.002861,0.004031,-0.006886,0.560506,0.351249,-0.632922,-0.402326,93.038379,-25.269737,-97.939740
61898,NaN,4.224847,8.922015,-0.429310,-0.044502,-0.001664,0.068305,-0.006047,0.002866,-0.005089,0.560501,0.351234,-0.632925,-0.402341,93.037543,-25.269635,-97.941826
61899,NaN,4.217571,8.943282,-0.418491,-0.054235,0.015229,0.083886,-0.002165,0.003939,-0.004702,0.560494,0.351234,-0.632933,-0.402339,93.038792,-25.269671,-97.942838
61900,NaN,4.211557,8.933372,-0.458750,-0.013705,0.011535,0.074298,-0.004129,0.002452,-0.007633,0.560488,0.351248,-0.632926,-0.402346,93.038896,-25.267748,-97.942271
61901,NaN,4.223330,8.922801,-0.427899,-0.045940,-0.000140,0.068298,-0.003185,0.005028,-0.005242,0.560485,0.351250,-0.632928,-0.402346,93.039258,-25.267508,-97.942576
61902,NaN,4.237514,8.945536,-0.405802,-0.069610,-0.000583,0.093824,-0.001839,0.002943,-0.006348,0.560469,0.351246,-0.632938,-0.402356,93.040619,-25.266728,-97.945257
61903,NaN,4.203237,8.955164,-0.447205,-0.024380,0.029500,0.089873,-0.002489,0.004936,-0.003058,0.560468,0.351242,-0.632945,-0.402348,93.041436,-25.267735,-97.945694
61904,NaN,4.233764,8.969031,-0.454415,-0.021096,0.007543,0.115769,-0.001468,0.003848,-0.002518,0.560460,0.351226,-0.632964,-0.402346,93.043019,-25.269253,-97.948455
61905,NaN,4.186605,8.964204,-0.417086,-0.052332,0.052126,0.089490,-0.006045,0.002865,-0.005091,0.560455,0.351215,-0.632966,-0.402359,93.042329,-25.269034,-97.950134
61906,NaN,4.214720,8.944764,-0.415544,-0.057507,0.018882,0.083861,-0.000200,0.005427,-0.001772,0.560460,0.351218,-0.632973,-0.402338,93.043814,-25.270632,-97.949248
61907,NaN,4.202254,8.955712,-0.445469,-0.026265,0.031600,0.089861,-0.003834,0.007021,-0.001954,0.560471,0.351212,-0.632973,-0.402328,93.043313,-25.272334,-97.948403
61908,NaN,4.223732,8.957210,-0.433507,-0.040741,0.014770,0.099808,-0.003386,0.004261,0.000025,0.560480,0.351199,-0.632982,-0.402312,93.043735,-25.275089,-97.948361
61909,NaN,4.209041,8.934761,-0.454797,-0.018004,0.016270,0.074285,-0.001793,0.004844,-0.000874,0.560483,0.351190,-0.632995,-0.402296,93.045007,-25.277342,-97.948930
61910,NaN,4.230606,8.936203,-0.443107,-0.032461,-0.000561,0.084234,-0.001346,0.002085,0.001105,0.560481,0.351170,-0.633018,-0.402279,93.047066,-25.280654,-97.951200
61911,NaN,4.230612,8.936222,-0.442670,-0.032959,-0.000036,0.084232,-0.005674,0.003770,-0.001262,0.560486,0.351149,-0.633025,-0.402279,93.046399,-25.282653,-97.952435
61912,NaN,4.223685,8.957319,-0.431714,-0.042700,0.016889,0.099797,-0.004406,0.005349,-0.000516,0.560498,0.351137,-0.633030,-0.402265,93.046087,-25.285223,-97.952012
61913,NaN,4.225081,8.926155,-0.482089,0.007019,-0.003163,0.074673,-0.004406,0.005349,-0.000516,0.560508,0.351120,-0.633037,-0.402256,93.045731,-25.287697,-97.952273
61914,NaN,4.223600,8.957416,-0.430532,-0.043661,0.017927,0.099791,-0.002813,0.005932,-0.001415,0.560518,0.351116,-0.633039,-0.402241,93.045879,-25.289618,-97.951262
61915,NaN,4.227941,8.903143,-0.431732,-0.043417,-0.009159,0.052700,-0.002487,0.004936,-0.003060,0.560518,0.351112,-0.633046,-0.402233,93.046697,-25.290624,-97.951699
61916,NaN,4.235439,8.946819,-0.399126,-0.076389,0.006826,0.093772,-0.004527,0.007112,-0.004141,0.560525,0.351107,-0.633043,-0.402233,93.045723,-25.291268,-97.951196
61917,NaN,4.229741,8.936807,-0.439184,-0.035907,0.003150,0.084221,-0.004080,0.004353,-0.002162,0.560528,0.351095,-0.633050,-0.402229,93.045799,-25.292770,-97.952032
61918,NaN,4.244225,8.959386,-0.416989,-0.059626,0.002745,0.109730,-0.001219,0.006515,-0.002313,0.560530,0.351090,-0.633059,-0.402216,93.046788,-25.294399,-97.952231
61919,NaN,4.213099,8.945824,-0.409108,-0.063850,0.025774,0.083807,-0.001835,0.002943,-0.006350,0.560516,0.351094,-0.633067,-0.402220,93.048471,-25.293462,-97.953818
61920,NaN,4.234147,8.947518,-0.397174,-0.078302,0.008943,0.093755,-0.005794,0.005532,-0.004889,0.560525,0.351093,-0.633058,-0.402223,93.046851,-25.293396,-97.952700
61921,NaN,4.255278,8.949185,-0.384959,-0.092810,-0.007870,0.103704,-0.005545,0.008199,-0.004683,0.560537,0.351092,-0.633047,-0.402224,93.045011,-25.293573,-97.951017
61922,NaN,4.233121,8.948057,-0.395963,-0.079269,0.009988,0.093747,0.001678,0.003114,-0.009791,0.560514,0.351123,-0.633051,-0.402222,93.048415,-25.290647,-97.951284
61923,NaN,4.255281,8.918717,-0.435313,-0.043556,-0.027433,0.078611,-0.003548,0.004123,-0.009078,0.560501,0.351134,-0.633048,-0.402236,93.048758,-25.288185,-97.952033
61924,NaN,4.247512,8.940184,-0.424667,-0.053290,-0.010510,0.094160,-0.000608,0.002622,-0.011080,0.560479,0.351162,-0.633047,-0.402243,93.051133,-25.284549,-97.952429
61925,NaN,4.241152,8.930483,-0.465132,-0.012806,-0.014201,0.084630,-0.002201,0.002038,-0.010183,0.560455,0.351176,-0.633050,-0.402260,93.052795,-25.281391,-97.954459
61926,NaN,4.240114,8.930985,-0.464957,-0.013277,-0.013675,0.084630,0.001560,0.004877,-0.013418,0.560429,0.351218,-0.633046,-0.402267,93.055627,-25.276498,-97.954132
61927,NaN,4.216046,8.961232,-0.425129,-0.049985,0.024805,0.099746,-0.003219,0.003125,-0.010725,0.560409,0.351233,-0.633043,-0.402287,93.056404,-25.273063,-97.955455
61928,NaN,4.212522,8.928461,-0.416194,-0.058994,0.014115,0.068219,-0.000399,0.003388,-0.016353,0.560376,0.351279,-0.633034,-0.402307,93.058853,-25.266552,-97.955579
61929,NaN,4.238794,8.966094,-0.472961,-0.006320,-0.000828,0.116153,0.001889,0.003880,-0.015065,0.560340,0.351323,-0.633031,-0.402321,93.062290,-25.260656,-97.956278
61930,NaN,4.213557,8.931956,-0.475466,-0.001267,0.005792,0.074675,-0.004030,0.004978,-0.016540,0.560318,0.351359,-0.633010,-0.402354,93.061941,-25.254016,-97.955908
61931,NaN,4.226834,8.955107,-0.453143,-0.025027,0.005389,0.100171,-0.003089,0.007554,-0.014148,0.560304,0.351394,-0.632989,-0.402375,93.061548,-25.248758,-97.954313
61932,NaN,4.209555,8.964366,-0.423360,-0.052481,0.027476,0.099726,-0.002642,0.004795,-0.012168,0.560289,0.351422,-0.632978,-0.402390,93.062136,-25.244562,-97.953697
61933,NaN,4.189299,8.996751,-0.443005,-0.030480,0.056583,0.121288,-0.001376,0.006375,-0.011421,0.560274,0.351451,-0.632968,-0.402400,93.063082,-25.240829,-97.952940
61934,NaN,4.216841,8.977646,-0.441451,-0.035676,0.023396,0.115703,-0.003542,0.004119,-0.009084,0.560253,0.351442,-0.632973,-0.402430,93.062941,-25.238542,-97.956588
61935,NaN,4.199846,8.986757,-0.411687,-0.063135,0.045488,0.115250,-0.002968,0.005790,-0.010524,0.560242,0.351463,-0.632963,-0.402444,93.063145,-25.235304,-97.956231
61936,NaN,4.199221,8.987072,-0.411193,-0.063583,0.046038,0.115244,-0.003751,0.003352,-0.003813,0.560234,0.351445,-0.632974,-0.402452,93.063367,-25.235984,-97.958913
61937,NaN,4.214879,8.978636,-0.440049,-0.037122,0.024998,0.115694,-0.003095,0.001360,-0.007104,0.560215,0.351445,-0.632983,-0.402464,93.064742,-25.234567,-97.961475
61938,NaN,4.207632,8.999817,-0.429449,-0.046860,0.041966,0.131222,-0.000774,0.003754,-0.000335,0.560213,0.351433,-0.633003,-0.402447,93.066905,-25.237255,-97.963087
61939,NaN,4.209104,8.968697,-0.480143,0.002872,0.021833,0.106190,-0.003059,0.003261,-0.001625,0.560212,0.351419,-0.633016,-0.402440,93.067867,-25.239030,-97.964632
61940,NaN,4.189767,9.000642,-0.499858,0.024899,0.050932,0.127753,-0.002040,0.002174,-0.001084,0.560208,0.351407,-0.633033,-0.402429,93.069553,-25.241060,-97.966355
61941,NaN,4.209024,8.968773,-0.479430,0.001900,0.022876,0.106188,-0.003961,0.002585,0.001460,0.560212,0.351380,-0.633051,-0.402417,93.070226,-25.244580,-97.968432
61942,NaN,4.209238,8.968705,-0.478817,0.001459,0.023330,0.106187,-0.005063,0.007335,0.002770,0.560248,0.351375,-0.633043,-0.402384,93.068577,-25.248634,-97.964000
61943,NaN,4.209636,8.968564,-0.477959,0.000961,0.023855,0.106186,-0.006985,0.007745,0.005313,0.560282,0.351338,-0.633048,-0.402363,93.066181,-25.254516,-97.962943
61944,NaN,4.247821,8.961166,-0.494942,0.013312,-0.014459,0.116616,-0.006211,0.003991,0.005648,0.560303,0.351297,-0.633067,-0.402339,93.065734,-25.260713,-97.964015
61945,NaN,4.222981,8.957304,-0.445581,-0.031848,0.012793,0.100144,-0.013229,0.009836,0.005480,0.560354,0.351246,-0.633054,-0.402333,93.059198,-25.266755,-97.961640
61946,NaN,4.242739,8.925220,-0.424320,-0.054858,-0.015263,0.078581,-0.005964,0.006658,0.005853,0.560387,0.351214,-0.633062,-0.402303,93.057775,-25.272924,-97.960213
61947,NaN,4.228593,8.902575,-0.445128,-0.032072,-0.013845,0.053100,-0.007427,0.010503,0.003330,0.560426,0.351187,-0.633055,-0.402284,93.054351,-25.277756,-97.957342
61948,NaN,4.243505,8.924957,-0.422182,-0.055876,-0.014178,0.078577,-0.008445,0.011590,0.002787,0.560470,0.351163,-0.633042,-0.402264,93.050210,-25.282484,-97.953556
61949,NaN,4.255931,8.914059,-0.390629,-0.088118,-0.025813,0.072532,-0.007789,0.009599,-0.000505,0.560499,0.351145,-0.633029,-0.402258,93.046767,-25.285094,-97.951127
61950,NaN,4.227588,8.933599,-0.390878,-0.083779,0.008421,0.078085,-0.003466,0.007918,0.001871,0.560525,0.351136,-0.633029,-0.402230,93.045996,-25.288885,-97.948460
61951,NaN,4.239804,8.922771,-0.359779,-0.116021,-0.003212,0.072036,-0.004272,0.009774,-0.003944,0.560542,0.351140,-0.633018,-0.402222,93.044471,-25.289533,-97.945804
61952,NaN,4.224973,8.900441,-0.380972,-0.093175,-0.001797,0.046557,-0.001216,0.006513,-0.002317,0.560546,0.351137,-0.633024,-0.402208,93.045268,-25.291080,-97.945475
61953,NaN,4.226886,8.933998,-0.389329,-0.085218,0.010007,0.078071,0.002876,0.008359,-0.007194,0.560539,0.351169,-0.633025,-0.402190,93.048174,-25.289825,-97.943605
61954,NaN,4.247772,8.935764,-0.377738,-0.099729,-0.006765,0.088027,-0.000230,0.003527,-0.007254,0.560522,0.351179,-0.633033,-0.402191,93.050411,-25.288464,-97.944994
61955,NaN,4.234753,8.947008,-0.408045,-0.068482,0.005920,0.094071,0.001692,0.003117,-0.009796,0.560495,0.351205,-0.633042,-0.402192,93.054018,-25.285560,-97.946353
61956,NaN,4.224615,8.935082,-0.389117,-0.086633,0.011588,0.078057,0.000427,0.001537,-0.010546,0.560466,0.351226,-0.633049,-0.402203,93.057024,-25.282167,-97.948517
61957,NaN,4.227583,8.937750,-0.448805,-0.028441,0.002686,0.084607,0.003287,0.003702,-0.010693,0.560436,0.351260,-0.633058,-0.402201,93.061374,-25.278767,-97.949475
61958,NaN,4.245118,8.962898,-0.486709,0.006505,-0.007114,0.116631,0.000428,0.001537,-0.010547,0.560411,0.351289,-0.633061,-0.402206,93.064314,-25.275283,-97.950192
61959,NaN,4.206504,8.970524,-0.468652,-0.006887,0.032300,0.106160,-0.002957,0.005791,-0.010530,0.560399,0.351309,-0.633051,-0.402219,93.064524,-25.272041,-97.949833
61960,NaN,4.227095,8.972445,-0.456961,-0.021402,0.015551,0.116120,0.003535,0.006369,-0.010489,0.560377,0.351343,-0.633055,-0.402214,93.068107,-25.269027,-97.949722
61961,NaN,4.214026,8.983714,-0.487020,0.009845,0.028229,0.122171,-0.004879,0.006200,-0.007989,0.560376,0.351351,-0.633045,-0.402226,93.067142,-25.267252,-97.949190
61962,NaN,4.188043,8.980303,-0.438097,-0.035261,0.055469,0.105636,-0.003697,0.011442,-0.005389,0.560398,0.351371,-0.633022,-0.402212,93.065292,-25.267017,-97.944070
61963,NaN,4.209172,8.981999,-0.425828,-0.049812,0.038696,0.115594,-0.004272,0.009770,-0.003950,0.560415,0.351375,-0.633011,-0.402205,93.063769,-25.267662,-97.941417
61964,NaN,4.237394,8.962634,-0.423769,-0.055033,0.005444,0.110056,-0.007460,0.008599,-0.002158,0.560442,0.351366,-0.632993,-0.402203,93.060193,-25.269137,-97.938491
61965,NaN,4.194198,8.959807,-0.445739,-0.027418,0.040565,0.090126,-0.005865,0.009185,-0.003054,0.560461,0.351361,-0.632982,-0.402198,93.057928,-25.270276,-97.936238
61966,NaN,4.206147,8.949114,-0.414475,-0.059634,0.028947,0.084065,-0.005535,0.008190,-0.004701,0.560474,0.351361,-0.632969,-0.402199,93.055930,-25.270497,-97.934360
61967,NaN,4.227436,8.950741,-0.401993,-0.074190,0.012178,0.094024,-0.010893,0.004760,-0.000574,0.560493,0.351325,-0.632964,-0.402212,93.052015,-25.272920,-97.934990
61968,NaN,4.221900,8.940777,-0.441956,-0.033624,0.008394,0.084588,-0.000309,0.007189,-0.005406,0.560493,0.351337,-0.632964,-0.402203,93.052997,-25.272635,-97.934035
61969,NaN,4.243056,8.942455,-0.429774,-0.048183,-0.008374,0.094550,-0.008722,0.007018,-0.002910,0.560510,0.351319,-0.632953,-0.402211,93.049682,-25.273791,-97.933158
61970,NaN,4.214528,8.962038,-0.430167,-0.043816,0.025887,0.100073,-0.002120,0.005834,0.000764,0.560521,0.351305,-0.632963,-0.402192,93.050182,-25.277018,-97.933064
61971,NaN,4.233579,8.930256,-0.409596,-0.066810,-0.002181,0.078519,-0.002920,0.007689,-0.005054,0.560526,0.351312,-0.632958,-0.402186,93.049979,-25.276967,-97.931690
61972,NaN,4.233159,8.930482,-0.409009,-0.067249,-0.001653,0.078516,-0.002920,0.007689,-0.005054,0.560531,0.351313,-0.632954,-0.402185,93.049403,-25.276967,-97.930886
61973,NaN,4.202020,8.916838,-0.401069,-0.071362,0.021308,0.052518,-0.001901,0.006603,-0.004511,0.560532,0.351319,-0.632955,-0.402177,93.050085,-25.277193,-97.930218
61974,NaN,4.234778,8.964210,-0.416524,-0.059771,0.010680,0.110024,-0.003826,0.007011,-0.001970,0.560548,0.351318,-0.632950,-0.402164,93.049289,-25.278778,-97.928208
61975,NaN,4.203592,8.950575,-0.408805,-0.063881,0.033640,0.084024,0.001126,0.001447,-0.008360,0.560519,0.351334,-0.632965,-0.402166,93.053043,-25.276645,-97.930672
61976,NaN,4.226607,8.985786,-0.405820,-0.070057,0.028219,0.125498,0.000354,0.005200,-0.008699,0.560506,0.351361,-0.632966,-0.402159,93.055598,-25.274572,-97.930068
61977,NaN,4.218718,8.942488,-0.437699,-0.037983,0.013119,0.084567,-0.002366,0.003166,0.000557,0.560507,0.351343,-0.632985,-0.402144,93.057015,-25.277593,-97.931744
61978,NaN,4.220782,8.975968,-0.445981,-0.030014,0.024994,0.116078,-0.000552,0.004522,-0.005613,0.560493,0.351341,-0.632997,-0.402146,93.058790,-25.277363,-97.933887
61979,NaN,4.241881,8.977662,-0.434087,-0.044586,0.008239,0.126042,-0.003495,0.006016,-0.003617,0.560497,0.351338,-0.632998,-0.402142,93.058730,-25.278084,-97.933620
61980,NaN,4.205627,8.953832,-0.466968,-0.007673,0.026885,0.090629,-0.001459,0.003844,-0.002528,0.560492,0.351331,-0.633012,-0.402133,93.060371,-25.279468,-97.935056
61981,NaN,4.217650,8.943067,-0.436168,-0.039919,0.015274,0.084556,-0.002231,0.007596,-0.002867,0.560500,0.351332,-0.633013,-0.402119,93.060620,-25.280666,-97.933815
61982,NaN,4.233682,8.934571,-0.464946,-0.013424,-0.005834,0.085119,-0.001213,0.006510,-0.002323,0.560507,0.351334,-0.633016,-0.402103,93.061301,-25.282047,-97.932759
61983,NaN,4.229632,8.932345,-0.404798,-0.072594,0.004165,0.078477,-0.002892,0.009585,0.000424,0.560530,0.351328,-0.633015,-0.402079,93.060680,-25.285188,-97.930371
61984,NaN,4.233562,8.934700,-0.463552,-0.014366,-0.004788,0.085119,-0.008718,0.007014,-0.002917,0.560549,0.351310,-0.633002,-0.402088,93.057018,-25.286362,-97.929233
61985,NaN,4.223908,8.922549,-0.443860,-0.032534,0.000880,0.069075,-0.002585,0.006693,-0.006704,0.560547,0.351321,-0.632997,-0.402088,93.057252,-25.285337,-97.928433
61986,NaN,4.228907,8.932794,-0.402463,-0.074004,0.005766,0.078466,-0.005750,0.007417,0.000568,0.560566,0.351295,-0.633000,-0.402080,93.055426,-25.288660,-97.928202
61987,NaN,4.228851,8.932856,-0.401662,-0.074502,0.006292,0.078462,-0.004841,0.008095,-0.002518,0.560581,0.351290,-0.632994,-0.402073,93.054048,-25.290073,-97.926656
61988,NaN,4.237939,8.945353,-0.419849,-0.057249,0.001656,0.094505,-0.003823,0.007009,-0.001974,0.560593,0.351280,-0.632993,-0.402067,93.053010,-25.291720,-97.925933
61989,NaN,4.230787,8.966444,-0.408923,-0.067000,0.018654,0.109966,-0.004070,0.004343,-0.002180,0.560596,0.351268,-0.633000,-0.402063,93.053093,-25.293211,-97.926773
61990,NaN,4.225297,8.956506,-0.449027,-0.026493,0.014871,0.100578,-0.004509,0.007101,-0.004165,0.560602,0.351261,-0.632997,-0.402064,93.052160,-25.293847,-97.926499
61991,NaN,4.246480,8.958165,-0.436952,-0.041078,-0.001873,0.110545,-0.002474,0.004929,-0.003075,0.560602,0.351257,-0.633004,-0.402056,93.052987,-25.294844,-97.926938
61992,NaN,4.229963,8.966912,-0.407184,-0.068462,0.020311,0.109953,-0.003245,0.008681,-0.003414,0.560611,0.351251,-0.633003,-0.402051,93.052195,-25.296004,-97.926263
61993,NaN,4.243606,8.925132,-0.427310,-0.050456,-0.012113,0.079030,-0.000055,0.009854,-0.005204,0.560618,0.351271,-0.632997,-0.402034,93.053046,-25.295934,-97.923513
61994,NaN,4.236324,8.946277,-0.416447,-0.060194,0.004908,0.094486,-0.003822,0.007008,-0.001975,0.560629,0.351262,-0.632998,-0.402024,93.052492,-25.297740,-97.922819
61995,NaN,4.205343,8.932529,-0.408600,-0.064260,0.027842,0.068458,-0.000878,0.005516,-0.003970,0.560626,0.351267,-0.633005,-0.402013,93.054062,-25.298243,-97.922857
61996,NaN,4.214315,8.945075,-0.427116,-0.047090,0.023249,0.084509,-0.002473,0.004929,-0.003076,0.560626,0.351263,-0.633012,-0.402005,93.054855,-25.299382,-97.923249
61997,NaN,4.226406,8.934254,-0.396259,-0.079338,0.011654,0.078420,-0.003383,0.004250,0.000009,0.560632,0.351245,-0.633025,-0.401993,93.055389,-25.302123,-97.924222
61998,NaN,4.230197,8.936708,-0.455494,-0.021091,0.002658,0.085107,-0.001810,0.002941,-0.006367,0.560619,0.351247,-0.633031,-0.401999,93.056542,-25.301140,-97.925828
61999,NaN,4.244190,8.959431,-0.433238,-0.044938,0.002406,0.110528,-0.005000,0.001768,-0.004579,0.560610,0.351235,-0.633039,-0.402010,93.056754,-25.301181,-97.928217
62000,NaN,4.229277,8.937183,-0.454710,-0.022038,0.003696,0.085105,-0.000546,0.004522,-0.005616,0.560604,0.351248,-0.633043,-0.402001,93.058439,-25.300683,-97.927898
62001,NaN,4.238155,8.949783,-0.473189,-0.004882,-0.000921,0.101164,-0.003490,0.006014,-0.003622,0.560608,0.351245,-0.633044,-0.401997,93.058382,-25.301401,-97.927632
62002,NaN,4.221313,8.958666,-0.443376,-0.032226,0.021237,0.100549,-0.004528,0.005204,-0.009651,0.560596,0.351249,-0.633037,-0.402021,93.057479,-25.298724,-97.928764
62003,NaN,4.199250,8.957479,-0.454235,-0.018623,0.039019,0.090574,-0.004506,0.007099,-0.004169,0.560604,0.351247,-0.633032,-0.402019,93.056538,-25.299162,-97.927793
62004,NaN,4.211052,8.946806,-0.423039,-0.050815,0.027422,0.084480,-0.006786,0.006603,-0.005466,0.560614,0.351242,-0.633019,-0.402030,93.054033,-25.298838,-97.926844
62005,NaN,4.241229,8.961010,-0.429554,-0.047765,0.005553,0.110514,-0.004612,0.008863,-0.007801,0.560621,0.351255,-0.633002,-0.402035,93.052503,-25.297252,-97.924635
62006,NaN,4.231460,8.948883,-0.409849,-0.065829,0.011182,0.094445,-0.007363,0.004930,-0.004028,0.560629,0.351241,-0.632994,-0.402048,93.049945,-25.297554,-97.924653
62007,NaN,4.224022,8.970087,-0.398844,-0.075581,0.028201,0.109882,-0.001314,0.008273,-0.005958,0.560632,0.351256,-0.632989,-0.402039,93.050489,-25.297004,-97.922879
62008,NaN,4.228422,8.915941,-0.399875,-0.075160,0.000872,0.062930,-0.008712,0.007008,-0.002929,0.560651,0.351238,-0.632976,-0.402049,93.046803,-25.298133,-97.921857
62009,NaN,4.230196,8.949585,-0.407569,-0.067265,0.012752,0.094434,-0.005102,0.003531,-0.008214,0.560641,0.351240,-0.632973,-0.402067,93.046427,-25.296148,-97.923007
62010,NaN,4.245889,8.941329,-0.436275,-0.040886,-0.008348,0.095064,-0.003401,0.002354,-0.005476,0.560633,0.351243,-0.632978,-0.402066,93.047536,-25.295729,-97.923805
62011,NaN,4.245441,8.941570,-0.435698,-0.041385,-0.007822,0.095062,-0.005767,0.005517,-0.004923,0.560637,0.351238,-0.632974,-0.402074,93.046289,-25.295687,-97.923810
62012,NaN,4.211253,8.951259,-0.476982,0.004051,0.022041,0.091185,-0.003838,0.005112,-0.007463,0.560632,0.351242,-0.632968,-0.402085,93.045757,-25.294138,-97.923958
62013,NaN,4.232127,8.953076,-0.464783,-0.010558,0.005320,0.101159,-0.005187,0.007189,-0.006364,0.560637,0.351246,-0.632957,-0.402091,93.044370,-25.293322,-97.922855
62014,NaN,4.243842,8.942430,-0.433619,-0.042753,-0.006287,0.095057,-0.005766,0.005516,-0.004924,0.560643,0.351242,-0.632950,-0.402099,93.042738,-25.293177,-97.922319
62015,NaN,4.209582,8.952149,-0.475026,0.002616,0.023588,0.091182,-0.000646,0.006287,-0.009251,0.560632,0.351265,-0.632946,-0.402100,93.044155,-25.290682,-97.921690
62016,NaN,4.197594,8.971166,-0.404724,-0.065766,0.050168,0.099859,-0.001908,0.004706,-0.010004,0.560616,0.351282,-0.632943,-0.402112,93.045154,-25.287822,-97.922253
62017,NaN,4.206309,8.983878,-0.422866,-0.048624,0.045557,0.115931,-0.008710,0.007005,-0.002933,0.560633,0.351265,-0.632932,-0.402120,93.041847,-25.288964,-97.921383
62018,NaN,4.218290,8.973100,-0.391648,-0.080800,0.033912,0.109823,-0.004065,0.004339,-0.002187,0.560646,0.351268,-0.632927,-0.402107,93.041384,-25.290130,-97.919362
62019,NaN,4.212942,8.963171,-0.431782,-0.040287,0.030037,0.100497,-0.005081,0.005424,-0.002733,0.560653,0.351257,-0.632928,-0.402106,93.040587,-25.291338,-97.919498
62020,NaN,4.212742,8.963295,-0.431167,-0.040779,0.030567,0.100494,-0.004065,0.004339,-0.002187,0.560659,0.351250,-0.632932,-0.402097,93.040633,-25.292854,-97.919298
62021,NaN,4.228859,8.954879,-0.459757,-0.014384,0.009449,0.101151,-0.005081,0.005423,-0.002734,0.560665,0.351239,-0.632933,-0.402096,93.039836,-25.294062,-97.919434
62022,NaN,4.245076,8.946419,-0.488379,0.012079,-0.011687,0.101813,-0.003382,0.004247,0.000006,0.560672,0.351219,-0.632944,-0.402087,93.039915,-25.296763,-97.920402
62023,NaN,4.219289,8.942640,-0.439978,-0.032944,0.015620,0.085063,0.000722,0.006104,-0.004867,0.560666,0.351233,-0.632951,-0.402072,93.042228,-25.296771,-97.920036
62024,NaN,4.256898,8.935728,-0.456926,-0.020665,-0.022737,0.095706,-0.009375,0.008989,0.000356,0.560702,0.351213,-0.632935,-0.402064,93.037997,-25.299867,-97.916868
62025,NaN,4.218915,8.942887,-0.438544,-0.033930,0.016670,0.085058,-0.000539,0.004523,-0.005620,0.560692,0.351222,-0.632943,-0.402059,93.040004,-25.299396,-97.917477
62026,NaN,4.230759,8.932140,-0.407826,-0.066075,0.005104,0.078945,-0.001206,0.006508,-0.002328,0.560692,0.351208,-0.632953,-0.402055,93.040463,-25.300979,-97.918882
62027,NaN,4.218479,8.943128,-0.437815,-0.034817,0.017727,0.085053,-0.001540,0.007500,-0.000682,0.560703,0.351205,-0.632959,-0.402033,93.041163,-25.303424,-97.917773
62028,NaN,4.244800,8.954817,-0.385157,-0.090435,0.005457,0.104329,-0.000539,0.004523,-0.005620,0.560693,0.351211,-0.632967,-0.402028,93.043051,-25.303057,-97.918541
62029,NaN,4.208574,8.931026,-0.418282,-0.053418,0.023928,0.068955,-0.002468,0.004927,-0.003082,0.560693,0.351208,-0.632974,-0.402021,93.043880,-25.304050,-97.918981
62030,NaN,4.217518,8.943639,-0.436629,-0.036170,0.019288,0.085045,-0.002904,0.007684,-0.005069,0.560699,0.351211,-0.632966,-0.402021,93.042913,-25.303911,-97.917731
62031,NaN,4.243673,8.955411,-0.383759,-0.091813,0.007012,0.104315,-0.004991,0.001764,-0.004589,0.560691,0.351198,-0.632974,-0.402031,93.043131,-25.303946,-97.920122
62032,NaN,4.226006,8.956487,-0.454638,-0.019465,0.015161,0.101135,0.001740,0.005019,-0.004320,0.560685,0.351215,-0.632982,-0.402012,93.045812,-25.304050,-97.919329
62033,NaN,4.225767,8.956624,-0.454164,-0.019963,0.015686,0.101133,-0.006428,0.007499,-0.001639,0.560703,0.351201,-0.632976,-0.402009,93.043697,-25.305948,-97.918189
62034,NaN,4.216262,8.944325,-0.434714,-0.038022,0.021324,0.085034,-0.000871,0.005515,-0.003975,0.560704,0.351208,-0.632979,-0.401997,93.044854,-25.306376,-97.917480
62035,NaN,4.237312,8.946052,-0.422634,-0.052654,0.004626,0.095011,-0.003918,0.008768,-0.005618,0.560713,0.351217,-0.632968,-0.401994,93.043777,-25.306035,-97.915402
62036,NaN,4.215384,8.944797,-0.433524,-0.038984,0.022387,0.085028,-0.004163,0.006103,-0.005825,0.560715,0.351217,-0.632963,-0.401999,93.043082,-25.305590,-97.915079
62037,NaN,4.236319,8.946578,-0.421454,-0.053618,0.005691,0.095005,-0.001552,0.005607,-0.006170,0.560709,0.351227,-0.632965,-0.401996,93.044207,-25.304838,-97.914984
62038,NaN,4.226558,8.934387,-0.402129,-0.071657,0.011320,0.078900,-0.002901,0.007683,-0.005072,0.560717,0.351236,-0.632956,-0.401991,93.043488,-25.304667,-97.912966
62039,NaN,4.213984,8.945522,-0.432154,-0.040396,0.023933,0.085019,0.000726,0.006104,-0.004868,0.560711,0.351249,-0.632963,-0.401976,93.045802,-25.304674,-97.912600
62040,NaN,4.225499,8.934918,-0.401459,-0.072550,0.012341,0.078893,-0.001897,0.004707,-0.010011,0.560696,0.351264,-0.632958,-0.401993,93.046249,-25.301589,-97.913362
62041,NaN,4.207474,8.936202,-0.472107,-0.000272,0.020505,0.075740,-0.004842,0.006194,-0.008021,0.560694,0.351271,-0.632948,-0.402005,93.045303,-25.299795,-97.912834
62042,NaN,4.235726,8.981398,-0.427828,-0.047558,0.019690,0.126492,0.000146,0.004431,-0.003429,0.560685,0.351270,-0.632964,-0.401994,93.047691,-25.300756,-97.914323
62043,NaN,4.242376,8.960659,-0.437946,-0.038798,0.003684,0.111095,-0.001796,0.002941,-0.006377,0.560670,0.351274,-0.632972,-0.401997,93.049394,-25.299803,-97.915908
62044,NaN,4.229717,8.971837,-0.467972,-0.007534,0.016325,0.117219,-0.003146,0.005017,-0.005279,0.560665,0.351271,-0.632976,-0.402000,93.049778,-25.299730,-97.916906
62045,NaN,4.198442,8.958157,-0.460100,-0.011498,0.039196,0.091126,-0.006682,0.002938,-0.007336,0.560658,0.351265,-0.632973,-0.402021,93.048668,-25.298229,-97.918460
62046,NaN,4.219487,8.959902,-0.447844,-0.026103,0.022493,0.101106,-0.003816,0.007001,-0.001987,0.560672,0.351262,-0.632970,-0.402009,93.047910,-25.299859,-97.916765
62047,NaN,4.219013,8.960149,-0.447364,-0.026601,0.023019,0.101103,-0.000633,0.006288,-0.009259,0.560660,0.351286,-0.632966,-0.402011,93.049333,-25.297360,-97.916135
62048,NaN,4.239797,8.962018,-0.435111,-0.041211,0.006323,0.111083,-0.007786,0.007679,-0.006034,0.560676,0.351286,-0.632945,-0.402021,93.046080,-25.296714,-97.913813
62049,NaN,4.218049,8.960684,-0.445735,-0.027559,0.024059,0.101098,-0.006426,0.007495,-0.001645,0.560694,0.351272,-0.632940,-0.402017,93.043967,-25.298608,-97.912676
62050,NaN,4.213688,8.958352,-0.385368,-0.086613,0.034186,0.094233,-0.003815,0.007000,-0.001988,0.560702,0.351256,-0.632943,-0.402015,93.043037,-25.300370,-97.913063
62051,NaN,4.208382,8.948480,-0.425469,-0.046090,0.030246,0.084977,-0.004494,0.007092,-0.004183,0.560710,0.351255,-0.632937,-0.402014,93.042103,-25.300799,-97.912095
62052,NaN,4.236622,8.929230,-0.423544,-0.051426,-0.002964,0.079575,-0.005075,0.005419,-0.002743,0.560714,0.351235,-0.632941,-0.402019,93.040974,-25.302111,-97.913305
62053,NaN,4.229294,8.950312,-0.412635,-0.061184,0.014106,0.094953,-0.002464,0.004925,-0.003087,0.560714,0.351232,-0.632948,-0.402012,93.041805,-25.303101,-97.913746
62054,NaN,4.214703,8.927974,-0.434262,-0.038224,0.015329,0.069586,-0.001694,0.001176,-0.002744,0.560695,0.351208,-0.632974,-0.402017,93.043876,-25.304426,-97.918629
62055,NaN,4.235753,8.929697,-0.422385,-0.052879,-0.001347,0.079567,-0.001547,0.005606,-0.006174,0.560689,0.351218,-0.632975,-0.402015,93.045003,-25.303672,-97.918534
62056,NaN,4.213874,8.928389,-0.433760,-0.039186,0.016360,0.069580,0.001744,0.005021,-0.004321,0.560686,0.351238,-0.632983,-0.401991,93.047986,-25.303885,-97.917237
62057,NaN,4.237129,8.963517,-0.430195,-0.045503,0.011104,0.111061,-0.005508,0.008175,-0.004734,0.560698,0.351238,-0.632971,-0.401992,93.046169,-25.304032,-97.915565
62058,NaN,4.222472,8.941229,-0.451508,-0.022510,0.012266,0.085699,-0.002463,0.004924,-0.003087,0.560699,0.351233,-0.632976,-0.401986,93.046551,-25.305003,-97.915876
62059,NaN,4.243511,8.942962,-0.439593,-0.037170,-0.004407,0.095683,0.001311,0.007778,-0.006311,0.560695,0.351256,-0.632977,-0.401971,93.048726,-25.304236,-97.914402
62060,NaN,4.214430,8.962647,-0.440474,-0.032683,0.029813,0.101067,-0.002560,0.006689,-0.006724,0.560699,0.351275,-0.632965,-0.401967,93.048396,-25.302953,-97.911941
62061,NaN,4.233189,8.931029,-0.419926,-0.055680,0.001719,0.079552,-0.001881,0.006597,-0.004529,0.560700,0.351281,-0.632966,-0.401959,93.049087,-25.303170,-97.911274
62062,NaN,4.220644,8.942171,-0.449961,-0.024357,0.014314,0.085692,-0.000284,0.007187,-0.005421,0.560699,0.351291,-0.632967,-0.401950,93.050147,-25.302966,-97.910509
62063,NaN,4.229544,8.954847,-0.468268,-0.007259,0.009710,0.101820,-0.004491,0.007090,-0.004188,0.560707,0.351290,-0.632962,-0.401949,93.049213,-25.303392,-97.909541
62064,NaN,4.219789,8.942630,-0.448840,-0.025275,0.015339,0.085688,-0.002558,0.006689,-0.006726,0.560708,0.351302,-0.632954,-0.401949,93.048956,-25.302273,-97.908186
62065,NaN,4.249897,8.956956,-0.455408,-0.022349,-0.006457,0.111804,-0.004587,0.008856,-0.007825,0.560714,0.351315,-0.632937,-0.401955,93.047438,-25.300672,-97.905979
62066,NaN,4.218710,8.943212,-0.447391,-0.026176,0.016353,0.085684,-0.006087,0.006500,-0.003298,0.560728,0.351305,-0.632928,-0.401959,93.045139,-25.301463,-97.905085
62067,NaN,4.232556,8.965943,-0.424628,-0.050106,0.016249,0.111031,-0.004586,0.008855,-0.007826,0.560734,0.351318,-0.632912,-0.401965,93.043622,-25.299861,-97.902878
62068,NaN,4.217609,8.943807,-0.445875,-0.027193,0.017468,0.085680,-0.003571,0.007772,-0.007277,0.560731,0.351320,-0.632908,-0.401973,93.043188,-25.298893,-97.903054
62069,NaN,4.229134,8.933186,-0.414869,-0.059453,0.005934,0.079528,-0.002556,0.006689,-0.006727,0.560729,0.351331,-0.632904,-0.401973,93.043436,-25.297854,-97.902255
62070,NaN,4.237802,8.945982,-0.433163,-0.042298,0.001327,0.095663,-0.001973,0.008362,-0.008169,0.560730,0.351350,-0.632892,-0.401974,93.043133,-25.296065,-97.900360
62071,NaN,4.199301,8.953235,-0.415020,-0.055469,0.040731,0.084891,-0.003569,0.007771,-0.007278,0.560732,0.351362,-0.632881,-0.401977,93.042499,-25.294744,-97.898858
62072,NaN,4.229410,8.967566,-0.421683,-0.052553,0.018962,0.111014,-0.002800,0.004023,-0.006934,0.560724,0.351369,-0.632882,-0.401981,93.043320,-25.293605,-97.899323
62073,NaN,4.226707,8.934436,-0.412688,-0.061374,0.008048,0.079515,-0.005993,0.002842,-0.005153,0.560719,0.351358,-0.632885,-0.401994,93.042661,-25.293350,-97.901012
62074,NaN,4.214104,8.945621,-0.442602,-0.030109,0.020654,0.085665,-0.001540,0.005605,-0.006179,0.560712,0.351366,-0.632887,-0.401991,93.043823,-25.292736,-97.901135
62075,NaN,4.215804,8.979277,-0.450494,-0.022286,0.032622,0.117157,-0.005747,0.005506,-0.004948,0.560716,0.351361,-0.632883,-0.401998,93.042588,-25.292680,-97.901145
62076,NaN,4.246126,8.993525,-0.457002,-0.019359,0.010857,0.143288,-0.004733,0.004423,-0.004398,0.560715,0.351350,-0.632885,-0.402005,93.042088,-25.293006,-97.902275
62077,NaN,4.205743,8.967219,-0.430351,-0.040838,0.038816,0.101006,-0.004488,0.007088,-0.004193,0.560723,0.351349,-0.632880,-0.402003,93.041157,-25.293430,-97.901310
62078,NaN,4.212450,8.946536,-0.439849,-0.032022,0.022770,0.085654,-0.007774,0.007671,-0.006050,0.560736,0.351344,-0.632863,-0.402017,93.037843,-25.292859,-97.899784
62079,NaN,4.242957,8.960717,-0.446024,-0.029125,0.000992,0.111789,-0.008601,0.005222,0.000675,0.560755,0.351312,-0.632863,-0.402018,93.035130,-25.296012,-97.900163
62080,NaN,4.233649,8.948281,-0.426234,-0.047184,0.006668,0.095639,-0.006176,0.010152,-0.001451,0.560781,0.351301,-0.632851,-0.402009,93.032353,-25.298243,-97.897532
62081,NaN,4.233473,8.948411,-0.425251,-0.047682,0.007194,0.095636,-0.008938,0.004323,-0.003170,0.560790,0.351278,-0.632847,-0.402023,93.029635,-25.299168,-97.898350
62082,NaN,4.242591,8.961031,-0.443195,-0.030557,0.002580,0.111784,-0.003565,0.009660,-0.001791,0.560812,0.351279,-0.632838,-0.402006,93.028261,-25.301000,-97.895178
62083,NaN,4.218934,8.926155,-0.445522,-0.025178,0.008824,0.070299,-0.008017,0.006895,-0.000768,0.560833,0.351257,-0.632832,-0.402006,93.025409,-25.303377,-97.894448
62084,NaN,4.233109,8.948708,-0.422622,-0.049100,0.008773,0.095628,-0.006665,0.004822,-0.001864,0.560842,0.351234,-0.632834,-0.402011,93.023702,-25.305175,-97.895365
62085,NaN,4.230732,8.915433,-0.413382,-0.057907,-0.002158,0.064132,-0.006081,0.006496,-0.003305,0.560852,0.351224,-0.632829,-0.402013,93.022030,-25.306088,-97.894803
62086,NaN,4.239778,8.928092,-0.431359,-0.040748,-0.006800,0.080285,-0.006081,0.006496,-0.003305,0.560867,0.351217,-0.632819,-0.402015,93.019793,-25.306825,-97.893345
62087,NaN,4.239368,8.928334,-0.430372,-0.041246,-0.006275,0.080284,-0.008782,0.008754,-0.006605,0.560883,0.351214,-0.632796,-0.402030,93.015916,-25.305919,-97.891245
62088,NaN,4.220312,8.903582,-0.391932,-0.076816,0.004480,0.047967,-0.003470,0.006005,-0.003645,0.560890,0.351213,-0.632794,-0.402026,93.015421,-25.306571,-97.890392
62089,NaN,4.238675,8.928744,-0.428694,-0.042173,-0.005243,0.080280,-0.008690,0.006986,-0.002968,0.560907,0.351196,-0.632782,-0.402034,93.012127,-25.307692,-97.889531
62090,NaN,4.216965,8.927380,-0.439577,-0.028331,0.012384,0.070287,-0.001873,0.006596,-0.004535,0.560912,0.351201,-0.632778,-0.402030,93.011863,-25.307656,-97.888385
62091,NaN,4.252220,8.951600,-0.405407,-0.066489,-0.004831,0.105600,-0.002886,0.007679,-0.005086,0.560917,0.351208,-0.632773,-0.402025,93.011677,-25.307586,-97.887015
62092,NaN,4.220963,8.937830,-0.397695,-0.070326,0.017999,0.079442,-0.003805,0.005107,-0.007490,0.560910,0.351211,-0.632770,-0.402036,93.011457,-25.306176,-97.887556
62093,NaN,4.227584,8.917197,-0.407496,-0.061558,0.001934,0.064110,-0.002885,0.007679,-0.005087,0.560915,0.351218,-0.632765,-0.402030,93.011272,-25.306105,-97.886187
62094,NaN,4.241274,8.939940,-0.385036,-0.085444,0.001873,0.089427,-0.001194,0.004616,-0.007829,0.560903,0.351229,-0.632766,-0.402037,93.012336,-25.304332,-97.886955
62095,NaN,4.197913,8.937112,-0.408132,-0.057536,0.036720,0.069436,0.000494,0.003441,-0.005080,0.560889,0.351237,-0.632780,-0.402028,93.015233,-25.304139,-97.888267
62096,NaN,4.244589,8.943024,-0.444159,-0.027740,-0.006768,0.096434,-0.002790,0.004024,-0.006940,0.560877,0.351234,-0.632782,-0.402043,93.015384,-25.302898,-97.890190
62097,NaN,4.222496,8.941813,-0.455552,-0.014033,0.010915,0.086439,0.000159,0.002544,-0.008925,0.560852,0.351251,-0.632791,-0.402048,93.018277,-25.300477,-97.891943
62098,NaN,4.250431,8.922755,-0.454300,-0.019446,-0.022325,0.081110,0.003104,0.002951,-0.005418,0.560834,0.351269,-0.632808,-0.402031,93.022626,-25.300034,-97.892913
62099,NaN,4.249873,8.923027,-0.454179,-0.019944,-0.021800,0.081111,-0.000948,0.007280,-0.007625,0.560829,0.351289,-0.632804,-0.402027,93.023622,-25.298499,-97.891711
62100,NaN,4.213473,8.963618,-0.444748,-0.024742,0.029086,0.101754,-0.001192,0.004615,-0.007831,0.560818,0.351304,-0.632805,-0.402029,93.025059,-25.296836,-97.891942
62101,NaN,4.212753,8.963968,-0.444505,-0.025239,0.029612,0.101751,0.000405,0.005208,-0.008721,0.560802,0.351326,-0.632807,-0.402028,93.027374,-25.294613,-97.892015
62102,NaN,4.212071,8.964300,-0.444286,-0.025699,0.030140,0.101748,0.000066,0.006197,-0.007074,0.560794,0.351344,-0.632807,-0.402022,93.029017,-25.293402,-97.891428
62103,NaN,4.244943,8.955220,-0.401696,-0.072176,0.001485,0.105561,-0.003312,0.010433,-0.007084,0.560805,0.351362,-0.632790,-0.402019,93.027813,-25.292273,-97.888249
62104,NaN,4.215786,8.974866,-0.402363,-0.067705,0.035821,0.110875,-0.002543,0.006687,-0.006738,0.560797,0.351359,-0.632793,-0.402028,93.027978,-25.291541,-97.889543
62105,NaN,4.222330,8.954288,-0.412129,-0.058937,0.019743,0.095558,-0.004813,0.006186,-0.008048,0.560795,0.351367,-0.632783,-0.402040,93.027049,-25.289732,-97.889019
62106,NaN,4.243147,8.956153,-0.399875,-0.073590,0.003106,0.105551,-0.003127,0.005012,-0.005297,0.560794,0.351370,-0.632782,-0.402041,93.027049,-25.289417,-97.888898
62107,NaN,4.190530,8.940767,-0.403924,-0.063207,0.043047,0.069376,-0.002542,0.006686,-0.006739,0.560792,0.351381,-0.632777,-0.402041,93.027304,-25.288372,-97.888101
62108,NaN,4.218517,8.921732,-0.402165,-0.068629,0.009848,0.064059,-0.002786,0.004022,-0.006945,0.560779,0.351379,-0.632783,-0.402052,93.028004,-25.287313,-97.890063
62109,NaN,4.227226,8.934564,-0.420407,-0.051576,0.005252,0.080236,-0.003554,0.007768,-0.007292,0.560781,0.351391,-0.632772,-0.402054,93.027379,-25.285984,-97.888564
62110,NaN,4.255285,8.915510,-0.418494,-0.056987,-0.027957,0.074925,-0.002882,0.007676,-0.005093,0.560783,0.351389,-0.632770,-0.402056,93.026949,-25.286050,-97.888456
62111,NaN,4.211795,8.912739,-0.441154,-0.029040,0.006852,0.054929,-0.004898,0.007951,-0.011692,0.560780,0.351412,-0.632749,-0.402075,93.025442,-25.282209,-97.886693
62112,NaN,4.243839,8.960662,-0.456014,-0.017889,-0.003396,0.112596,-0.002540,0.006686,-0.006741,0.560778,0.351421,-0.632744,-0.402078,93.025427,-25.281178,-97.886113
62113,NaN,4.205207,8.967825,-0.438109,-0.030975,0.036005,0.101713,-0.001858,0.004706,-0.010035,0.560762,0.351441,-0.632741,-0.402088,93.026562,-25.278187,-97.886459
62114,NaN,4.190432,8.945648,-0.459770,-0.007878,0.037013,0.076412,-0.000612,0.008176,-0.003783,0.560770,0.351451,-0.632737,-0.402073,93.026880,-25.278735,-97.884397
62115,NaN,4.209118,8.978254,-0.396540,-0.072903,0.041618,0.110816,-0.002112,0.003929,-0.004747,0.560763,0.351451,-0.632745,-0.402071,93.028155,-25.278746,-97.885411
62116,NaN,4.218106,8.990955,-0.414916,-0.055793,0.037000,0.126999,-0.002453,0.004919,-0.003100,0.560766,0.351450,-0.632748,-0.402063,93.028560,-25.279636,-97.885089
62117,NaN,4.217954,8.991040,-0.414633,-0.056291,0.037528,0.126994,-0.001013,0.001081,-0.000553,0.560756,0.351435,-0.632773,-0.402051,93.031294,-25.281960,-97.888046
62118,NaN,4.241575,8.961846,-0.453797,-0.020681,-0.000256,0.112591,-0.004050,0.004325,-0.002212,0.560752,0.351407,-0.632788,-0.402058,93.031216,-25.283740,-97.891270
62119,NaN,4.210834,8.947775,-0.446331,-0.024489,0.022523,0.086399,-0.001354,0.002071,0.001094,0.560749,0.351388,-0.632812,-0.402040,93.033511,-25.287036,-97.893657
62120,NaN,4.241580,8.961884,-0.453005,-0.021656,0.000809,0.112589,-0.004391,0.005315,-0.000565,0.560759,0.351371,-0.632818,-0.402031,93.033029,-25.289577,-97.893818
62121,NaN,4.210966,8.947755,-0.445484,-0.025458,0.023586,0.086394,0.000147,0.006317,0.002058,0.560769,0.351361,-0.632836,-0.401998,93.035049,-25.293554,-97.893550
62122,NaN,4.232553,8.949261,-0.433273,-0.040110,0.006988,0.096391,-0.006330,0.005711,0.001970,0.560785,0.351321,-0.632845,-0.401997,93.033021,-25.297559,-97.895196
62123,NaN,4.209274,8.914188,-0.435906,-0.034641,0.013134,0.054905,-0.002463,0.006805,0.002393,0.560801,0.351303,-0.632856,-0.401971,93.033419,-25.301743,-97.894631
62124,NaN,4.244992,8.938175,-0.401697,-0.072764,-0.004006,0.090190,-0.002121,0.005816,0.000746,0.560813,0.351287,-0.632865,-0.401955,93.033500,-25.304819,-97.894653
62125,NaN,4.230965,8.915664,-0.423213,-0.049758,-0.002983,0.064901,-0.003475,0.007887,0.001840,0.560833,0.351271,-0.632870,-0.401932,93.033018,-25.308718,-97.893384
62126,NaN,4.233045,8.949133,-0.431111,-0.041939,0.009061,0.096382,-0.002695,0.002255,-0.003307,0.560824,0.351257,-0.632885,-0.401934,93.034134,-25.309588,-97.896018
62127,NaN,4.221453,8.903258,-0.403557,-0.068235,0.003194,0.048695,-0.003378,0.004233,-0.000013,0.560829,0.351240,-0.632897,-0.401923,93.034670,-25.312317,-97.897000
62128,NaN,4.247173,8.907529,-0.450969,-0.024321,-0.023169,0.065814,-0.003707,0.003336,-0.003860,0.560825,0.351229,-0.632904,-0.401928,93.034673,-25.312787,-97.898651
62129,NaN,4.232300,8.949551,-0.429733,-0.043350,0.010623,0.096375,-0.002535,0.006686,-0.006744,0.560823,0.351240,-0.632899,-0.401928,93.034931,-25.311740,-97.897854
62130,NaN,4.210450,8.948227,-0.440865,-0.029547,0.028284,0.086370,-0.004718,0.004417,-0.004414,0.560820,0.351225,-0.632903,-0.401939,93.034250,-25.312080,-97.899644
62131,NaN,4.233853,8.919186,-0.479712,0.006016,-0.009584,0.072017,-0.004474,0.007081,-0.004209,0.560828,0.351223,-0.632898,-0.401937,93.033326,-25.312495,-97.898683
62132,NaN,4.252376,8.951828,-0.416221,-0.058990,-0.004890,0.106369,-0.002534,0.006686,-0.006745,0.560826,0.351230,-0.632894,-0.401940,93.033311,-25.311544,-97.898296
62133,NaN,4.219126,8.904513,-0.400201,-0.071027,0.006352,0.048674,-0.003217,0.008663,-0.003451,0.560838,0.351233,-0.632889,-0.401930,93.032690,-25.312440,-97.896358
62134,NaN,4.244619,8.908918,-0.447565,-0.027120,-0.020028,0.065814,-0.001521,0.005604,-0.006191,0.560835,0.351243,-0.632887,-0.401929,93.033256,-25.311587,-97.895970
62135,NaN,4.220070,8.938544,-0.407494,-0.063673,0.018897,0.080149,-0.004884,0.007951,-0.011701,0.560831,0.351266,-0.632866,-0.401948,93.031754,-25.307741,-97.894208
62136,NaN,4.231384,8.927956,-0.376287,-0.095892,0.007413,0.073937,-0.005728,0.005497,-0.004971,0.560835,0.351258,-0.632860,-0.401958,93.030182,-25.307629,-97.894270
62137,NaN,4.232949,8.961657,-0.384334,-0.088133,0.019466,0.105413,0.002443,0.003047,-0.007619,0.560811,0.351279,-0.632874,-0.401951,93.034264,-25.305970,-97.895747
62138,NaN,4.218033,8.939561,-0.406272,-0.065066,0.020494,0.080136,-0.001848,0.004707,-0.010041,0.560791,0.351288,-0.632876,-0.401969,93.035154,-25.303196,-97.897640
62139,NaN,4.217101,8.940013,-0.406013,-0.065562,0.021020,0.080132,-0.000493,0.002637,-0.011135,0.560764,0.351310,-0.632879,-0.401982,93.037614,-25.299513,-97.899259
62140,NaN,4.242097,8.944661,-0.453690,-0.021744,-0.005293,0.097292,-0.000835,0.003626,-0.009488,0.560740,0.351320,-0.632886,-0.401995,93.039612,-25.297060,-97.901590
62141,NaN,4.234067,8.965934,-0.443029,-0.031508,0.011882,0.112555,-0.002433,0.003032,-0.008601,0.560723,0.351330,-0.632889,-0.402006,93.040890,-25.294839,-97.903044
62142,NaN,4.233134,8.966388,-0.442769,-0.031930,0.012405,0.112553,0.000095,0.004312,-0.012578,0.560696,0.351355,-0.632887,-0.402025,93.042729,-25.290421,-97.904410
62143,NaN,4.208613,8.931866,-0.446064,-0.026418,0.018503,0.071066,0.002119,0.002150,-0.011470,0.560662,0.351385,-0.632896,-0.402031,93.046811,-25.286532,-97.906326
62144,NaN,4.214603,8.975642,-0.413570,-0.059679,0.035222,0.111590,0.000422,0.005208,-0.008730,0.560648,0.351411,-0.632896,-0.402028,93.048948,-25.284289,-97.905755
62145,NaN,4.230498,8.967651,-0.442389,-0.033396,0.013978,0.112546,-0.002774,0.004019,-0.006955,0.560638,0.351417,-0.632898,-0.402034,93.049786,-25.283040,-97.906639
62146,NaN,4.211014,8.942948,-0.404544,-0.068882,0.024771,0.080101,-0.001501,0.003717,-0.011692,0.560611,0.351430,-0.632900,-0.402058,93.051150,-25.279277,-97.909159
62147,NaN,4.221548,8.989368,-0.431214,-0.043619,0.031719,0.127798,-0.005040,0.003516,-0.008270,0.560600,0.351432,-0.632897,-0.402076,93.050806,-25.277260,-97.910317
62148,NaN,4.235288,8.948002,-0.451420,-0.025588,-0.001051,0.097284,-0.003442,0.004111,-0.009158,0.560588,0.351445,-0.632893,-0.402087,93.051243,-25.274852,-97.910699
62149,NaN,4.236525,8.981857,-0.459283,-0.017842,0.011017,0.128762,-0.004696,0.002527,-0.009918,0.560571,0.351452,-0.632890,-0.402110,93.051340,-25.271862,-97.912428
62150,NaN,4.233726,8.948797,-0.450315,-0.026593,0.000009,0.097281,-0.005383,0.004504,-0.006624,0.560570,0.351456,-0.632884,-0.402118,93.050626,-25.270864,-97.912110
62151,NaN,4.216616,8.957393,-0.420422,-0.053866,0.022311,0.096304,-0.006738,0.006573,-0.005531,0.560578,0.351451,-0.632873,-0.402128,93.048524,-25.270507,-97.911426
62152,NaN,4.220553,8.960379,-0.479069,0.004294,0.013024,0.103501,-0.006819,0.008339,-0.009176,0.560581,0.351451,-0.632852,-0.402155,93.045172,-25.268111,-97.910721
62153,NaN,4.222512,8.937249,-0.429052,-0.045488,0.006687,0.081048,-0.004795,0.006179,-0.008067,0.560579,0.351459,-0.632843,-0.402167,93.044253,-25.266291,-97.910202
62154,NaN,4.223898,8.971045,-0.436593,-0.037737,0.018786,0.112523,-0.007404,0.006664,-0.007735,0.560583,0.351457,-0.632828,-0.402186,93.041676,-25.264827,-97.909767
62155,NaN,4.218553,8.961461,-0.476444,0.002812,0.014623,0.103499,-0.007748,0.007652,-0.006088,0.560594,0.351453,-0.632812,-0.402199,93.038695,-25.264184,-97.908382
62156,NaN,4.229975,8.950830,-0.445137,-0.029392,0.003117,0.097273,-0.004793,0.006179,-0.008069,0.560599,0.351470,-0.632794,-0.402206,93.037265,-25.262108,-97.906139
62157,NaN,4.229515,8.951081,-0.444451,-0.029889,0.003643,0.097271,-0.005057,0.005400,-0.002776,0.560605,0.351459,-0.632795,-0.402206,93.036481,-25.263292,-97.906290
62158,NaN,4.212493,8.959596,-0.414789,-0.057138,0.025960,0.096276,-0.002770,0.004019,-0.006959,0.560595,0.351464,-0.632797,-0.402212,93.037218,-25.262100,-97.907169
62159,NaN,4.212015,8.959846,-0.414231,-0.057635,0.026487,0.096272,-0.004470,0.007075,-0.004219,0.560603,0.351463,-0.632792,-0.402210,93.036298,-25.262509,-97.906212
62160,NaN,4.249791,8.953291,-0.430959,-0.045640,-0.011864,0.107274,-0.004390,0.005308,-0.000573,0.560617,0.351453,-0.632794,-0.402195,93.035929,-25.264931,-97.905252
62161,NaN,4.221177,8.972557,-0.431821,-0.041126,0.022421,0.112502,-0.002367,0.003148,0.000537,0.560618,0.351435,-0.632813,-0.402180,93.037342,-25.267943,-97.906939
62162,NaN,4.199826,8.970961,-0.443194,-0.027283,0.039998,0.102490,-0.001780,0.004823,-0.000905,0.560626,0.351432,-0.632819,-0.402161,93.038211,-25.270029,-97.906181
62163,NaN,4.190550,8.958368,-0.424205,-0.045276,0.045637,0.086246,-0.000102,0.003652,0.001854,0.560627,0.351417,-0.632843,-0.402135,93.040805,-25.273809,-97.907594
62164,NaN,4.219378,8.939038,-0.422569,-0.050786,0.012424,0.081017,-0.002712,0.004136,0.002185,0.560637,0.351395,-0.632861,-0.402113,93.041796,-25.277910,-97.908434
62165,NaN,4.212410,8.959772,-0.411801,-0.060552,0.029626,0.096246,-0.002045,0.004044,0.004388,0.560648,0.351367,-0.632885,-0.402085,93.043207,-25.283152,-97.909684
62166,NaN,4.224699,8.941424,-0.481281,0.006771,0.003667,0.088258,-0.002813,0.007787,0.004038,0.560673,0.351347,-0.632895,-0.402052,93.043129,-25.288383,-97.908308
62167,NaN,4.229879,8.951124,-0.440111,-0.034776,0.008901,0.097252,-0.000023,0.001884,0.005499,0.560676,0.351316,-0.632930,-0.402018,93.046300,-25.294194,-97.910963
62168,NaN,4.192387,8.957585,-0.422587,-0.047714,0.048299,0.086222,-0.001034,0.002964,0.004943,0.560684,0.351287,-0.632959,-0.401987,93.048387,-25.299753,-97.912747
62169,NaN,4.209538,8.949057,-0.451522,-0.021449,0.027032,0.087238,0.001474,0.006131,0.006465,0.560700,0.351267,-0.632987,-0.401939,93.051282,-25.306246,-97.912747
62170,NaN,4.243452,8.939446,-0.408904,-0.068048,-0.001474,0.091007,-0.006252,0.003933,0.005604,0.560725,0.351231,-0.633001,-0.401912,93.050548,-25.312233,-97.912769
62171,NaN,4.251318,8.918333,-0.418606,-0.059275,-0.017631,0.075779,-0.003744,0.007099,0.007126,0.560754,0.351196,-0.633017,-0.401877,93.050200,-25.319134,-97.912178
62172,NaN,4.230387,8.916561,-0.429750,-0.045431,-0.000020,0.065767,-0.003721,0.005216,0.001628,0.560767,0.351171,-0.633029,-0.401862,93.049991,-25.322923,-97.912869
62173,NaN,4.251879,8.918122,-0.417390,-0.060221,-0.016570,0.075775,-0.004731,0.006296,0.001072,0.560783,0.351150,-0.633035,-0.401848,93.049207,-25.326336,-97.912583
62174,NaN,4.230457,8.916590,-0.428459,-0.046450,0.001085,0.065762,-0.003211,0.008659,-0.003460,0.560793,0.351149,-0.633033,-0.401838,93.048805,-25.327528,-97.911333
62175,NaN,4.273020,8.919877,-0.404408,-0.075538,-0.032534,0.085782,-0.003376,0.004228,-0.000020,0.560799,0.351132,-0.633046,-0.401826,93.049342,-25.330253,-97.912319
62176,NaN,4.251321,8.918471,-0.415611,-0.061702,-0.014920,0.075769,-0.005029,0.003517,-0.008278,0.560787,0.351129,-0.633044,-0.401847,93.048784,-25.328348,-97.914114
62177,NaN,4.236580,8.896374,-0.436845,-0.038631,-0.014016,0.050538,-0.010003,0.007149,-0.007413,0.560798,0.351123,-0.633022,-0.401872,93.044627,-25.326933,-97.913002
62178,NaN,4.271232,8.920834,-0.402189,-0.076923,-0.030956,0.085776,-0.001831,0.004709,-0.010051,0.560784,0.351141,-0.633017,-0.401885,93.045291,-25.323886,-97.913242
62179,NaN,4.241621,8.940582,-0.403038,-0.072392,0.003331,0.090975,-0.003263,0.008544,-0.012606,0.560777,0.351172,-0.632995,-0.401900,93.044543,-25.319541,-97.911072
62180,NaN,4.261642,8.942840,-0.390745,-0.087106,-0.013246,0.100985,-0.002227,0.005581,-0.017550,0.560752,0.351217,-0.632972,-0.401933,93.044547,-25.312134,-97.910148
62181,NaN,4.208236,8.927703,-0.395092,-0.076478,0.026522,0.064695,-0.001906,0.006476,-0.013699,0.560735,0.351251,-0.632957,-0.401951,93.045121,-25.307101,-97.909250
62182,NaN,4.194998,8.939285,-0.425215,-0.045124,0.038962,0.070939,-0.000549,0.004408,-0.014791,0.560710,0.351294,-0.632943,-0.401970,93.046549,-25.301200,-97.908548
62183,NaN,4.207542,8.962461,-0.402973,-0.069195,0.039120,0.096156,0.001742,0.003029,-0.018974,0.560665,0.351348,-0.632936,-0.401997,93.050069,-25.293044,-97.909653
62184,NaN,4.206028,8.963170,-0.402998,-0.069646,0.039629,0.096151,0.002062,0.003924,-0.015123,0.560632,0.351396,-0.632931,-0.402009,93.053283,-25.287056,-97.909706
62185,NaN,4.176272,8.982907,-0.404629,-0.065108,0.073917,0.101338,0.005170,-0.001081,-0.009807,0.560586,0.351423,-0.632958,-0.402007,93.060010,-25.284019,-97.913720
62186,NaN,4.205947,8.997579,-0.411997,-0.062446,0.052268,0.127611,0.003496,0.000089,-0.012569,0.560546,0.351465,-0.632969,-0.402008,93.065466,-25.279397,-97.915324
62187,NaN,4.162402,8.994709,-0.435885,-0.034326,0.086916,0.107577,0.004237,-0.001770,-0.006717,0.560505,0.351478,-0.633002,-0.402002,93.071888,-25.278107,-97.919877
62188,NaN,4.199882,8.988298,-0.453715,-0.022285,0.048520,0.118652,0.004901,-0.001861,-0.004512,0.560471,0.351487,-0.633036,-0.401989,93.078062,-25.277843,-97.923922
62189,NaN,4.178307,8.986755,-0.465898,-0.008471,0.066104,0.108635,0.002368,-0.003146,-0.000535,0.560442,0.351473,-0.633079,-0.401973,93.083874,-25.280046,-97.929557
62190,NaN,4.211782,8.970154,-0.524241,0.044525,0.023022,0.110774,-0.001523,-0.002364,0.004534,0.560434,0.351435,-0.633121,-0.401951,93.087307,-25.285251,-97.934401
62191,NaN,4.261868,8.952522,-0.511073,0.024676,-0.027272,0.115607,-0.000664,0.000091,-0.002205,0.560417,0.351424,-0.633147,-0.401944,93.090483,-25.286597,-97.937931
62192,NaN,4.242555,8.984346,-0.531040,0.046653,0.001935,0.137064,-0.000104,0.003651,0.001853,0.560422,0.351415,-0.633169,-0.401911,93.093307,-25.290497,-97.938386
62193,NaN,4.231687,8.938097,-0.503480,0.020491,-0.004038,0.089323,-0.006951,0.005903,0.008900,0.560456,0.351362,-0.633185,-0.401883,93.091473,-25.298376,-97.938618
62194,NaN,4.222735,8.925368,-0.483831,0.002628,0.001520,0.073048,-0.008008,0.006866,-0.000806,0.560482,0.351346,-0.633172,-0.401882,93.087925,-25.300410,-97.936572
62195,NaN,4.246121,8.960495,-0.479289,-0.003993,-0.003404,0.114533,-0.009365,0.008933,0.000285,0.560513,0.351320,-0.633160,-0.401880,93.083763,-25.303454,-97.934592
62196,NaN,4.227370,8.935393,-0.440559,-0.039432,0.007351,0.081977,-0.011038,0.010103,-0.002477,0.560547,0.351302,-0.633136,-0.401887,93.078367,-25.305068,-97.931519
62197,NaN,4.260487,8.926210,-0.396854,-0.086030,-0.021121,0.085727,-0.012048,0.011182,-0.003035,0.560583,0.351284,-0.633106,-0.401898,93.072011,-25.306281,-97.928001
62198,NaN,4.267365,8.905636,-0.405836,-0.077234,-0.037305,0.070536,-0.007914,0.013064,-0.007898,0.560611,0.351298,-0.633069,-0.401905,93.067329,-25.304796,-97.922617
62199,NaN,4.228652,8.912653,-0.387079,-0.090149,0.002086,0.059424,-0.013026,0.010378,-0.009096,0.560634,0.351295,-0.633029,-0.401939,93.060541,-25.302516,-97.919403
62200,NaN,4.249065,8.914769,-0.374060,-0.104913,-0.014447,0.069436,-0.005861,0.009023,-0.012287,0.560636,0.351319,-0.633000,-0.401962,93.057828,-25.298341,-97.916805
62201,NaN,4.247898,8.915354,-0.373363,-0.105410,-0.013921,0.069431,-0.003147,0.004891,-0.014470,0.560614,0.351349,-0.632986,-0.401989,93.058108,-25.292819,-97.916881
62202,NaN,4.225291,8.914357,-0.384531,-0.091524,0.003590,0.059411,-0.003914,0.008633,-0.014823,0.560612,0.351397,-0.632950,-0.402005,93.056507,-25.286923,-97.912384
62203,NaN,4.233225,8.927665,-0.402733,-0.074561,-0.000986,0.075691,0.000643,0.007761,-0.017686,0.560586,0.351454,-0.632930,-0.402024,93.058135,-25.279648,-97.910536
62204,NaN,4.198282,8.944857,-0.344337,-0.128495,0.043156,0.073476,0.000403,0.005098,-0.017893,0.560556,0.351512,-0.632911,-0.402044,93.060128,-25.272062,-97.909122
62205,NaN,4.194043,8.969203,-0.393573,-0.079750,0.050524,0.096025,0.005622,0.004136,-0.018550,0.560508,0.351579,-0.632909,-0.402056,93.065576,-25.264182,-97.909537
62206,NaN,4.178452,8.947453,-0.416250,-0.056607,0.051382,0.070823,0.007402,-0.000685,-0.017641,0.560442,0.351633,-0.632928,-0.402072,93.073156,-25.256755,-97.913569
62207,NaN,4.200378,8.983182,-0.413341,-0.063253,0.046488,0.112302,0.005108,0.000691,-0.013459,0.560394,0.351675,-0.632943,-0.402077,93.079312,-25.251682,-97.916334
62208,NaN,4.175406,9.005574,-0.474495,-0.000194,0.070936,0.124843,-0.000038,-0.000116,-0.009154,0.560359,0.351682,-0.632962,-0.402089,93.082918,-25.249280,-97.920525
62209,NaN,4.186575,8.994968,-0.444418,-0.032474,0.059524,0.118565,0.007202,-0.003233,-0.008695,0.560305,0.351707,-0.633002,-0.402081,93.091402,-25.246811,-97.925934
62210,NaN,4.192466,9.031524,-0.512672,0.033706,0.061809,0.157422,-0.000037,-0.000116,-0.009155,0.560274,0.351721,-0.633017,-0.402089,93.094976,-25.244296,-97.928991
62211,NaN,4.191914,9.031779,-0.512701,0.033208,0.062335,0.157420,0.000938,0.000689,-0.003093,0.560254,0.351718,-0.633042,-0.402079,93.098894,-25.245152,-97.932110
62212,NaN,4.197130,8.977564,-0.514820,0.033821,0.034482,0.110783,0.001840,0.003261,-0.000681,0.560252,0.351726,-0.633061,-0.402046,93.102605,-25.247346,-97.931885
62213,NaN,4.189919,8.998339,-0.504248,0.024046,0.051735,0.125952,-0.003307,0.002454,0.003626,0.560259,0.351694,-0.633085,-0.402027,93.103713,-25.252100,-97.934118
62214,NaN,4.218969,8.979026,-0.502286,0.018546,0.018463,0.120802,-0.005676,0.005597,0.004158,0.560284,0.351663,-0.633092,-0.402006,93.102249,-25.257113,-97.933494
62215,NaN,4.207783,8.989663,-0.531942,0.049832,0.030922,0.127082,-0.006649,0.006791,0.012755,0.560329,0.351601,-0.633113,-0.401965,93.100405,-25.267225,-97.933297
62216,NaN,4.228243,8.957409,-0.510563,0.026870,0.002749,0.105637,-0.015137,0.008323,0.011529,0.560398,0.351532,-0.633104,-0.401944,93.092974,-25.276537,-97.930328
62217,NaN,4.241255,8.946026,-0.478639,-0.005412,-0.008660,0.099357,-0.009917,0.007362,0.010873,0.560446,0.351468,-0.633114,-0.401917,93.089075,-25.285590,-97.929703
62218,NaN,4.232737,8.933088,-0.458404,-0.023309,-0.003061,0.083054,-0.014375,0.014429,0.006638,0.560519,0.351422,-0.633084,-0.401902,93.080342,-25.292344,-97.923854
62219,NaN,4.245340,8.921895,-0.426085,-0.055590,-0.014468,0.076770,-0.014615,0.011766,0.006431,0.560581,0.351368,-0.633064,-0.401895,93.072495,-25.298991,-97.920288
62220,NaN,4.257972,8.910675,-0.393707,-0.087834,-0.025888,0.070484,-0.015971,0.013830,0.007520,0.560655,0.351310,-0.633036,-0.401885,93.063073,-25.306278,-97.915253
62221,NaN,4.249167,8.897857,-0.373218,-0.105772,-0.020265,0.054175,-0.012665,0.011376,0.003895,0.560707,0.351269,-0.633017,-0.401879,93.056409,-25.311461,-97.911845
62222,NaN,4.261253,8.886856,-0.341259,-0.137998,-0.031703,0.047885,-0.009778,0.011678,-0.001729,0.560749,0.351260,-0.632987,-0.401876,93.050861,-25.313294,-97.906763
62223,NaN,4.270582,8.899563,-0.358529,-0.121055,-0.036272,0.064188,-0.010125,0.012664,-0.000082,0.560793,0.351241,-0.632962,-0.401871,93.045246,-25.316240,-97.902404
62224,NaN,4.249018,8.898098,-0.369147,-0.107145,-0.018765,0.054163,-0.007965,0.004979,-0.006323,0.560800,0.351237,-0.632947,-0.401888,93.042436,-25.315187,-97.901586
62225,NaN,4.219515,8.917712,-0.369886,-0.102575,0.015526,0.059290,-0.000628,0.008063,-0.012950,0.560787,0.351276,-0.632931,-0.401897,93.043322,-25.310630,-97.899707
62226,NaN,4.235290,8.909991,-0.398715,-0.076310,-0.005783,0.060444,0.000209,0.002552,-0.008948,0.560763,0.351291,-0.632940,-0.401904,93.045963,-25.308245,-97.901768
62227,NaN,4.226902,8.931300,-0.388300,-0.086087,0.011487,0.075591,0.003339,0.005518,-0.014366,0.560731,0.351340,-0.632937,-0.401909,93.049791,-25.302801,-97.901451
62228,NaN,4.211688,8.909433,-0.410616,-0.062878,0.012256,0.050416,0.003098,0.002855,-0.014573,0.560694,0.351385,-0.632938,-0.401921,93.053703,-25.297036,-97.902364
62229,NaN,4.235626,8.978629,-0.415735,-0.061420,0.019066,0.123358,0.007066,0.000311,-0.015988,0.560637,0.351440,-0.632954,-0.401928,93.061049,-25.290505,-97.905286
62230,NaN,4.198931,8.955166,-0.450296,-0.023900,0.036877,0.088164,0.006058,0.001389,-0.016549,0.560584,0.351495,-0.632963,-0.401937,93.067320,-25.283685,-97.907358
62231,NaN,4.216332,8.981058,-0.487884,0.010467,0.027214,0.120794,-0.000340,-0.001006,-0.013013,0.560541,0.351517,-0.632974,-0.401962,93.070822,-25.278815,-97.911213
62232,NaN,4.193967,8.979893,-0.499769,0.024342,0.044775,0.110770,0.003411,0.003748,-0.010720,0.560512,0.351550,-0.632983,-0.401960,93.075132,-25.275534,-97.912310
62233,NaN,4.216304,9.015449,-0.496386,0.017637,0.039943,0.152253,0.003412,0.003748,-0.010720,0.560482,0.351584,-0.632992,-0.401957,93.079531,-25.272122,-97.913233
62234,NaN,4.175562,8.988835,-0.470810,-0.003338,0.067704,0.109588,-0.000487,0.004522,-0.005654,0.560468,0.351584,-0.633004,-0.401958,93.081448,-25.271848,-97.915264
62235,NaN,4.231847,9.007855,-0.525174,0.043372,0.019182,0.153432,-0.000487,0.004522,-0.005655,0.560458,0.351593,-0.633012,-0.401952,93.083478,-25.271357,-97.915871
62236,NaN,4.196175,8.990856,-0.458323,-0.018617,0.051705,0.119604,-0.002896,0.009544,0.000381,0.560484,0.351590,-0.633006,-0.401928,93.082365,-25.274314,-97.912640
62237,NaN,4.196246,8.990867,-0.457467,-0.019114,0.052230,0.119601,-0.006513,0.011100,0.000146,0.560517,0.351577,-0.632993,-0.401913,93.079249,-25.277345,-97.909282
62238,NaN,4.203609,8.970108,-0.466975,-0.010274,0.035958,0.104462,-0.003554,0.009635,-0.001828,0.560542,0.351583,-0.632981,-0.401893,93.077811,-25.279012,-97.905265
62239,NaN,4.223143,8.938255,-0.446009,-0.033275,0.007809,0.083023,-0.006794,0.010317,0.005445,0.560583,0.351551,-0.632979,-0.401866,93.074821,-25.285050,-97.902582
62240,NaN,4.235400,8.927152,-0.414744,-0.065519,-0.003579,0.076719,-0.001885,0.008466,0.000939,0.560602,0.351543,-0.632983,-0.401840,93.074832,-25.288499,-97.900806
62241,NaN,4.242943,8.906302,-0.424361,-0.056733,-0.019815,0.061584,-0.007102,0.009423,0.001587,0.560634,0.351520,-0.632977,-0.401826,93.071851,-25.292302,-97.898557
62242,NaN,4.238093,8.903522,-0.363922,-0.115691,-0.009347,0.054080,-0.004801,0.008050,-0.002594,0.560650,0.351514,-0.632970,-0.401819,93.070317,-25.293715,-97.896891
62243,NaN,4.235313,8.927299,-0.412465,-0.066980,-0.002000,0.076710,-0.002434,0.004909,-0.003123,0.560649,0.351511,-0.632977,-0.401812,93.071163,-25.294685,-97.897338
62244,NaN,4.225658,8.914803,-0.393315,-0.084842,0.003615,0.060376,-0.003442,0.005987,-0.003683,0.560652,0.351503,-0.632979,-0.401812,93.070786,-25.295393,-97.897745
62245,NaN,4.234674,8.927646,-0.411516,-0.067919,-0.000951,0.076703,-0.002083,0.003924,-0.004772,0.560644,0.351504,-0.632987,-0.401810,93.072076,-25.295389,-97.898760
62246,NaN,4.243448,8.940594,-0.429952,-0.051008,-0.005495,0.093033,0.000218,0.002551,-0.008953,0.560620,0.351521,-0.632996,-0.401814,93.075066,-25.293064,-97.900552
62247,NaN,4.226058,8.949048,-0.400804,-0.078205,0.016889,0.091820,0.000526,0.003445,-0.005096,0.560606,0.351529,-0.633010,-0.401805,93.077975,-25.292860,-97.901858
62248,NaN,4.192381,8.958600,-0.442948,-0.032585,0.046274,0.088099,-0.000483,0.004523,-0.005656,0.560610,0.351566,-0.633003,-0.401777,93.080223,-25.292074,-97.897807
62249,NaN,4.213217,8.960503,-0.430633,-0.047453,0.029800,0.098121,-0.005700,0.005478,-0.005010,0.560613,0.351561,-0.632998,-0.401784,93.079016,-25.291982,-97.897829
62250,NaN,4.214728,8.994209,-0.438401,-0.039716,0.041935,0.129575,-0.000482,0.004523,-0.005657,0.560608,0.351574,-0.632999,-0.401779,93.080318,-25.291166,-97.897342
62251,NaN,4.183681,8.980084,-0.431136,-0.043252,0.064547,0.103206,-0.003200,0.008648,-0.003480,0.560620,0.351577,-0.632994,-0.401768,93.079709,-25.292047,-97.895411
62252,NaN,4.224393,8.943125,-0.499099,0.018905,0.004600,0.090529,-0.002433,0.004909,-0.003125,0.560624,0.351581,-0.632998,-0.401753,93.080740,-25.293100,-97.894574
62253,NaN,4.209409,8.984852,-0.477713,-0.000164,0.038669,0.120761,-0.005392,0.006372,-0.001154,0.560637,0.351566,-0.632998,-0.401747,93.079524,-25.295241,-97.894162
62254,NaN,4.211870,8.961271,-0.427825,-0.049873,0.032428,0.098101,-0.005392,0.006372,-0.001154,0.560647,0.351545,-0.633003,-0.401744,93.078451,-25.297673,-97.894796
62255,NaN,4.219009,8.940632,-0.437411,-0.041084,0.016178,0.082984,-0.006706,0.006555,-0.005573,0.560655,0.351540,-0.632993,-0.401754,93.076369,-25.297291,-97.894118
62256,NaN,4.232889,8.963151,-0.414144,-0.065230,0.016482,0.108120,-0.007803,0.011390,0.004879,0.560703,0.351513,-0.632982,-0.401726,93.072390,-25.303021,-97.889896
62257,NaN,4.226538,8.919867,-0.445871,-0.032774,0.000444,0.067868,-0.003198,0.008648,-0.003481,0.560715,0.351516,-0.632976,-0.401716,93.071782,-25.303900,-97.887964
62258,NaN,4.219002,8.940769,-0.434665,-0.042482,0.017727,0.082975,-0.006749,0.008433,-0.000068,0.560740,0.351495,-0.632969,-0.401711,93.068755,-25.306671,-97.886496
62259,NaN,4.247732,8.921662,-0.432263,-0.048075,-0.015517,0.077893,-0.006749,0.008433,-0.000068,0.560765,0.351477,-0.632963,-0.401703,93.066219,-25.309496,-97.884816
62260,NaN,4.223412,8.950687,-0.391996,-0.084495,0.023635,0.091755,-0.005038,0.005386,-0.002805,0.560774,0.351468,-0.632961,-0.401702,93.065084,-25.310589,-97.884418
62261,NaN,4.247346,8.921918,-0.430756,-0.049015,-0.014488,0.077890,-0.004445,0.007063,-0.004248,0.560781,0.351466,-0.632956,-0.401700,93.064178,-25.310980,-97.883463
62262,NaN,4.239515,8.942949,-0.419646,-0.058782,0.002827,0.092991,-0.003852,0.008740,-0.005692,0.560792,0.351476,-0.632943,-0.401696,93.063030,-25.310653,-97.881012
62263,NaN,4.217946,8.941453,-0.430810,-0.044892,0.020337,0.082960,-0.005631,0.003708,-0.001362,0.560797,0.351456,-0.632950,-0.401696,93.062395,-25.312593,-97.882277
62264,NaN,4.200838,8.949743,-0.401322,-0.072074,0.042731,0.081704,-0.000478,0.004523,-0.005658,0.560790,0.351470,-0.632955,-0.401686,93.064414,-25.312099,-97.881910
62265,NaN,4.224589,8.921055,-0.440534,-0.036595,0.004599,0.067853,-0.000477,0.004523,-0.005658,0.560780,0.351479,-0.632962,-0.401680,93.066449,-25.311607,-97.882514
62266,NaN,4.230490,8.964579,-0.407696,-0.069992,0.021677,0.108077,0.001123,0.005123,-0.006541,0.560771,0.351501,-0.632965,-0.401669,93.068773,-25.310457,-97.881689
62267,NaN,4.194815,8.940712,-0.441568,-0.032418,0.039377,0.072917,-0.001484,0.005600,-0.006220,0.560765,0.351512,-0.632966,-0.401666,93.069931,-25.309676,-97.881592
62268,NaN,4.225047,8.955277,-0.448009,-0.029909,0.017859,0.099301,-0.000829,0.005508,-0.004010,0.560762,0.351516,-0.632974,-0.401654,93.071530,-25.310281,-97.881723
62269,NaN,4.236523,8.944480,-0.417248,-0.062195,0.006489,0.092969,-0.000476,0.004523,-0.005659,0.560752,0.351525,-0.632982,-0.401649,93.073565,-25.309788,-97.882327
62270,NaN,4.245402,8.957412,-0.435579,-0.045262,0.001895,0.109326,-0.001484,0.005600,-0.006221,0.560752,0.351545,-0.632976,-0.401639,93.074463,-25.308829,-97.880393
62271,NaN,4.238679,8.914321,-0.467730,-0.012787,-0.014188,0.069110,-0.005630,0.003707,-0.001364,0.560757,0.351525,-0.632983,-0.401639,93.073828,-25.310768,-97.881660
62272,NaN,4.219096,8.946285,-0.487118,0.009243,0.015021,0.090533,-0.005692,0.005476,-0.005018,0.560762,0.351520,-0.632978,-0.401646,93.072455,-25.310685,-97.881428
62273,NaN,4.223042,8.956343,-0.445598,-0.032333,0.020446,0.099288,-0.002490,0.006677,-0.006783,0.560760,0.351531,-0.632973,-0.401646,93.072737,-25.309614,-97.880631
62274,NaN,4.208807,8.934093,-0.467276,-0.009078,0.021129,0.074167,-0.005036,0.005384,-0.002809,0.560769,0.351522,-0.632971,-0.401645,93.071545,-25.310715,-97.880173
62275,NaN,4.226750,8.966534,-0.403480,-0.074342,0.026383,0.108034,-0.002842,0.007661,-0.005135,0.560774,0.351529,-0.632966,-0.401639,93.071383,-25.310618,-97.878809
62276,NaN,4.243271,8.958603,-0.431838,-0.048130,0.005016,0.109311,-0.004794,0.008045,-0.002605,0.560792,0.351527,-0.632957,-0.401630,93.069822,-25.311930,-97.876570
62277,NaN,4.212333,8.944408,-0.424347,-0.051614,0.027594,0.082909,-0.004442,0.007061,-0.004254,0.560799,0.351526,-0.632952,-0.401629,93.068918,-25.312319,-97.875615
62278,NaN,4.204575,8.965383,-0.413187,-0.061430,0.044965,0.097987,-0.006042,0.006460,-0.003372,0.560809,0.351514,-0.632949,-0.401630,93.067502,-25.313427,-97.875424
62279,NaN,4.232885,8.946485,-0.411132,-0.067040,0.011721,0.092932,-0.001481,0.005600,-0.006223,0.560802,0.351524,-0.632951,-0.401627,93.068662,-25.312645,-97.875327
62280,NaN,4.232388,8.946736,-0.410785,-0.067495,0.012232,0.092929,-0.000232,0.007185,-0.005456,0.560803,0.351542,-0.632949,-0.401614,93.069835,-25.312302,-97.873595
62281,NaN,4.246999,8.905321,-0.430993,-0.049410,-0.020850,0.062768,-0.006394,0.007444,-0.001725,0.560821,0.351528,-0.632943,-0.401611,93.067746,-25.314150,-97.872484
62282,NaN,4.210436,8.945433,-0.421576,-0.054051,0.030296,0.082888,-0.000361,0.000877,-0.007515,0.560790,0.351523,-0.632964,-0.401625,93.070660,-25.312760,-97.877291
62283,NaN,4.217213,8.924971,-0.431801,-0.045257,0.014014,0.067809,-0.001127,0.004615,-0.007872,0.560777,0.351537,-0.632967,-0.401627,93.072265,-25.311004,-97.877761
62284,NaN,4.216569,8.925293,-0.431447,-0.045676,0.014518,0.067806,-0.002727,0.004014,-0.006991,0.560766,0.351540,-0.632967,-0.401638,93.072620,-25.309673,-97.878873
62285,NaN,4.234663,8.951020,-0.468435,-0.011413,0.004883,0.100557,0.000234,0.002555,-0.008959,0.560742,0.351558,-0.632976,-0.401642,93.075547,-25.307231,-97.880611
62286,NaN,4.224599,8.938668,-0.449313,-0.029197,0.010421,0.084178,-0.007942,0.004965,-0.006353,0.560750,0.351554,-0.632960,-0.401660,93.072531,-25.306053,-97.879699
62287,NaN,4.233320,8.951714,-0.467313,-0.012316,0.005866,0.100555,-0.000531,0.006293,-0.009318,0.560738,0.351579,-0.632956,-0.401662,93.074002,-25.303521,-97.879059
62288,NaN,4.225241,8.972816,-0.456377,-0.021990,0.023168,0.115623,-0.005687,0.005473,-0.005024,0.560741,0.351567,-0.632950,-0.401677,93.072049,-25.303310,-97.879647
62289,NaN,4.236649,8.962045,-0.425392,-0.054280,0.011815,0.109274,-0.000471,0.004523,-0.005662,0.560731,0.351576,-0.632958,-0.401671,93.074086,-25.302815,-97.880251
62290,NaN,4.207471,8.981387,-0.426138,-0.049613,0.046085,0.114303,-0.009060,0.009685,-0.005064,0.560758,0.351576,-0.632930,-0.401678,93.069540,-25.302700,-97.876443
62291,NaN,4.200807,8.938347,-0.457827,-0.017109,0.029936,0.074134,-0.006040,0.006457,-0.003377,0.560768,0.351566,-0.632925,-0.401680,93.067896,-25.303572,-97.875900
62292,NaN,4.235617,8.962656,-0.422772,-0.055715,0.013339,0.109264,-0.007640,0.005855,-0.002496,0.560788,0.351558,-0.632913,-0.401678,93.065367,-25.304794,-97.873866
62293,NaN,4.223469,8.973847,-0.452500,-0.024422,0.025743,0.115611,-0.004679,0.004397,-0.004463,0.560787,0.351552,-0.632915,-0.401682,93.065045,-25.304981,-97.874590
62294,NaN,4.242533,8.942210,-0.431715,-0.047376,-0.002424,0.094196,-0.006633,0.004779,-0.001934,0.560795,0.351528,-0.632917,-0.401689,93.063265,-25.306671,-97.875701
62295,NaN,4.242236,8.942393,-0.430833,-0.047874,-0.001899,0.094194,-0.006450,0.009210,-0.005385,0.560811,0.351529,-0.632899,-0.401693,93.060613,-25.306478,-97.873348
62296,NaN,4.228084,8.920143,-0.452376,-0.024570,-0.001288,0.069098,-0.003431,0.005982,-0.003696,0.560818,0.351529,-0.632895,-0.401689,93.059999,-25.306968,-97.872299
62297,NaN,4.210842,8.928414,-0.422708,-0.051727,0.021134,0.067764,-0.005684,0.005472,-0.005028,0.560821,0.351524,-0.632891,-0.401696,93.058802,-25.306865,-97.872323
62298,NaN,4.233515,8.963859,-0.418299,-0.058500,0.016455,0.109243,-0.005329,0.004489,-0.006677,0.560816,0.351516,-0.632888,-0.401714,93.057590,-25.305833,-97.873603
62299,NaN,4.226783,8.920863,-0.450333,-0.025987,0.000280,0.069095,-0.006278,0.003794,-0.003584,0.560818,0.351501,-0.632889,-0.401722,93.056527,-25.306504,-97.874738
62300,NaN,4.249568,8.956263,-0.445821,-0.032780,-0.004404,0.110575,-0.006689,0.006548,-0.005592,0.560826,0.351494,-0.632878,-0.401735,93.054080,-25.306095,-97.874174
62301,NaN,4.239656,8.943829,-0.426404,-0.050643,0.001198,0.094180,-0.005088,0.007150,-0.006473,0.560831,0.351499,-0.632868,-0.401742,93.052750,-25.305216,-97.873087
62302,NaN,4.210568,8.963110,-0.427189,-0.045943,0.035497,0.099192,-0.003784,0.006965,-0.002048,0.560840,0.351486,-0.632869,-0.401737,93.051906,-25.306916,-97.872954
62303,NaN,4.210178,8.963324,-0.426554,-0.046440,0.036023,0.099188,-0.003486,0.007752,-0.007354,0.560842,0.351499,-0.632858,-0.401740,93.051317,-25.305551,-97.871457
62304,NaN,4.233990,8.934791,-0.465598,-0.010941,-0.002217,0.085485,-0.000708,0.001863,-0.005869,0.560827,0.351507,-0.632868,-0.401738,93.053597,-25.304722,-97.872755
62305,NaN,4.247292,8.957493,-0.442788,-0.035164,-0.001803,0.110568,-0.005441,0.008133,-0.004826,0.560839,0.351507,-0.632857,-0.401739,93.051822,-25.304816,-97.871102
62306,NaN,4.216251,8.943294,-0.435462,-0.038547,0.020756,0.084130,-0.001827,0.006583,-0.004579,0.560837,0.351505,-0.632861,-0.401737,93.052299,-25.305137,-97.871500
62307,NaN,4.225261,8.956223,-0.453659,-0.021685,0.016206,0.100528,-0.002068,0.003922,-0.004784,0.560830,0.351506,-0.632869,-0.401734,93.053596,-25.305126,-97.872513
62308,NaN,4.207963,8.964473,-0.424251,-0.048770,0.038601,0.099167,-0.001827,0.006583,-0.004579,0.560835,0.351516,-0.632865,-0.401725,93.053883,-25.305145,-97.870938
62309,NaN,4.227076,8.932800,-0.403768,-0.071767,0.010428,0.077756,-0.001771,0.004813,-0.000923,0.560837,0.351508,-0.632877,-0.401710,93.055165,-25.307370,-97.871519
62310,NaN,4.224568,8.956602,-0.452626,-0.023008,0.017699,0.100522,0.000836,0.004339,-0.001239,0.560834,0.351504,-0.632893,-0.401692,93.057358,-25.309237,-97.872372
62311,NaN,4.205426,8.931316,-0.415251,-0.058215,0.028372,0.067710,-0.001712,0.002938,-0.006434,0.560820,0.351509,-0.632901,-0.401695,93.059101,-25.308252,-97.873952
62312,NaN,4.245051,8.958688,-0.440103,-0.038391,0.001814,0.110556,-0.003428,0.005980,-0.003700,0.560822,0.351501,-0.632903,-0.401695,93.058743,-25.308956,-97.874283
62313,NaN,4.214126,8.944413,-0.433046,-0.041799,0.024346,0.084109,-0.001656,0.001168,-0.002777,0.560809,0.351491,-0.632922,-0.401691,93.061049,-25.310008,-97.877107
62314,NaN,4.230748,8.936524,-0.461803,-0.015578,0.002918,0.085479,-0.000820,0.005507,-0.004016,0.560810,0.351500,-0.632924,-0.401679,93.062148,-25.310326,-97.876215
62315,NaN,4.201691,8.955754,-0.462979,-0.010924,0.037215,0.090472,-0.002662,0.002243,-0.003341,0.560801,0.351491,-0.632938,-0.401678,93.063579,-25.311088,-97.878339
62316,NaN,4.239610,8.949550,-0.479634,0.000834,-0.001150,0.101887,-0.004023,0.004302,-0.002256,0.560810,0.351488,-0.632938,-0.401669,93.063299,-25.312337,-97.877539
62317,NaN,4.241828,8.925918,-0.429935,-0.048808,-0.007410,0.079104,-0.005028,0.005377,-0.002821,0.560816,0.351477,-0.632939,-0.401668,93.062534,-25.313494,-97.877697
62318,NaN,4.229846,8.937054,-0.459805,-0.017448,0.004974,0.085475,-0.002536,0.008549,-0.001283,0.560828,0.351466,-0.632941,-0.401657,93.061974,-25.315692,-97.877064
62319,NaN,4.220222,8.924455,-0.440579,-0.035292,0.010570,0.069060,-0.004432,0.007055,-0.004266,0.560836,0.351465,-0.632936,-0.401656,93.061075,-25.316073,-97.876111
62320,NaN,4.233394,8.947221,-0.417368,-0.059432,0.010971,0.094125,-0.006496,0.010977,-0.009053,0.560851,0.351479,-0.632905,-0.401671,93.057193,-25.313656,-97.872436
62321,NaN,4.232661,8.947608,-0.416504,-0.059929,0.011497,0.094121,-0.004725,0.006165,-0.008130,0.560849,0.351487,-0.632895,-0.401683,93.056312,-25.311799,-97.871916
62322,NaN,4.253308,8.949620,-0.403880,-0.074890,-0.004857,0.104158,-0.003835,0.008733,-0.005711,0.560857,0.351493,-0.632886,-0.401681,93.055395,-25.311634,-97.870305
62323,NaN,4.222109,8.935476,-0.396470,-0.078278,0.017663,0.077696,-0.006325,0.005561,-0.007251,0.560857,0.351493,-0.632876,-0.401696,93.053772,-25.310262,-97.870198
62324,NaN,4.200249,8.934101,-0.407679,-0.064265,0.035101,0.067651,-0.003478,0.007750,-0.007361,0.560860,0.351504,-0.632865,-0.401701,93.052833,-25.308886,-97.868706
62325,NaN,4.237717,8.928148,-0.424149,-0.052580,-0.003219,0.079086,-0.003121,0.006767,-0.009011,0.560855,0.351521,-0.632855,-0.401709,93.052695,-25.306543,-97.867775
62326,NaN,4.208230,8.947564,-0.425227,-0.047900,0.031072,0.084062,-0.001110,0.004617,-0.007882,0.560844,0.351539,-0.632854,-0.401708,93.054207,-25.304753,-97.867420
62327,NaN,4.238159,8.962378,-0.431314,-0.045514,0.009609,0.110521,-0.005727,0.007239,-0.008698,0.560846,0.351549,-0.632838,-0.401723,93.052453,-25.302603,-97.866202
62328,NaN,4.223779,8.940267,-0.453055,-0.022248,0.010248,0.085461,-0.002711,0.004013,-0.007003,0.560830,0.351543,-0.632847,-0.401736,93.053302,-25.301637,-97.868974
62329,NaN,4.227332,8.950349,-0.411694,-0.063836,0.015786,0.094091,-0.001518,0.007370,-0.009892,0.560822,0.351568,-0.632837,-0.401741,93.053907,-25.298809,-97.867633
62330,NaN,4.214762,8.961765,-0.441704,-0.032460,0.028151,0.100471,-0.003715,0.005088,-0.007569,0.560814,0.351568,-0.632834,-0.401757,93.053426,-25.297268,-97.868724
62331,NaN,4.206646,8.982817,-0.430695,-0.042251,0.045538,0.115480,-0.004072,0.006070,-0.005920,0.560814,0.351571,-0.632830,-0.401760,93.052976,-25.296673,-97.868340
62332,NaN,4.230609,8.954349,-0.469426,-0.006771,0.007247,0.101882,-0.005077,0.007145,-0.006486,0.560821,0.351576,-0.632817,-0.401767,93.051290,-25.295704,-97.866917
62333,NaN,4.215004,8.996130,-0.447886,-0.025857,0.041499,0.131901,-0.004071,0.006070,-0.005921,0.560821,0.351579,-0.632812,-0.401771,93.050840,-25.295108,-97.866532
62334,NaN,4.220342,8.942067,-0.449543,-0.025051,0.013337,0.085451,-0.003780,0.006960,-0.002057,0.560836,0.351577,-0.632809,-0.401759,93.050047,-25.296625,-97.864778
62335,NaN,4.212547,8.962966,-0.438454,-0.034842,0.030727,0.100456,-0.004428,0.007052,-0.004272,0.560843,0.351576,-0.632804,-0.401758,93.049151,-25.297002,-97.863827
62336,NaN,4.219717,8.942434,-0.448119,-0.026012,0.014380,0.085447,-0.005432,0.008127,-0.004838,0.560857,0.351578,-0.632790,-0.401757,93.047173,-25.297084,-97.861573
62337,NaN,4.236530,8.934548,-0.476478,0.000116,-0.007032,0.086874,-0.002127,0.005792,0.000723,0.560867,0.351565,-0.632802,-0.401736,93.048008,-25.300281,-97.861588
62338,NaN,4.211986,8.963328,-0.436446,-0.036219,0.032300,0.100446,-0.006625,0.004769,-0.001949,0.560872,0.351535,-0.632806,-0.401749,93.046004,-25.301992,-97.863672
62339,NaN,4.223671,8.952376,-0.405163,-0.068514,0.020990,0.094050,-0.005381,0.006355,-0.001179,0.560885,0.351520,-0.632806,-0.401743,93.044794,-25.304118,-97.863267
62340,NaN,4.248072,8.923735,-0.443889,-0.033064,-0.017333,0.080482,-0.003779,0.006959,-0.002058,0.560904,0.351526,-0.632799,-0.401724,93.044102,-25.305570,-97.860192
62341,NaN,4.252067,8.933584,-0.402286,-0.074655,-0.011772,0.089086,-0.004425,0.007052,-0.004274,0.560911,0.351524,-0.632794,-0.401723,93.043207,-25.305946,-97.859242
62342,NaN,4.239934,8.944830,-0.431975,-0.043279,0.000579,0.095478,-0.007031,0.007522,-0.003961,0.560924,0.351508,-0.632784,-0.401735,93.040212,-25.306516,-97.858960
62343,NaN,4.218228,8.943382,-0.443183,-0.029301,0.018004,0.085432,-0.003710,0.005088,-0.007573,0.560917,0.351516,-0.632780,-0.401744,93.040211,-25.304944,-97.859142
62344,NaN,4.210146,8.964405,-0.432065,-0.039089,0.035432,0.100424,-0.005429,0.008126,-0.004841,0.560928,0.351513,-0.632770,-0.401745,93.038446,-25.305188,-97.857731
62345,NaN,4.209732,8.964637,-0.431281,-0.039586,0.035958,0.100420,-0.005668,0.005465,-0.005046,0.560932,0.351508,-0.632766,-0.401753,93.037257,-25.305074,-97.857759
62346,NaN,4.207550,8.931315,-0.422408,-0.048009,0.024636,0.068981,-0.004782,0.008033,-0.002626,0.560947,0.351500,-0.632758,-0.401750,93.035264,-25.306296,-97.856277
62347,NaN,4.209065,8.965020,-0.429835,-0.040480,0.036973,0.100413,-0.004066,0.006070,-0.005925,0.560948,0.351503,-0.632753,-0.401754,93.034817,-25.305697,-97.855893
62348,NaN,4.222386,8.987659,-0.406814,-0.064752,0.037572,0.125443,-0.003777,0.006958,-0.002060,0.560950,0.351479,-0.632764,-0.401755,93.034425,-25.307818,-97.857883
62349,NaN,4.187391,8.963576,-0.440610,-0.026988,0.055003,0.090359,-0.002773,0.005884,-0.001494,0.560957,0.351471,-0.632770,-0.401743,93.034833,-25.309749,-97.857765
62350,NaN,4.225525,8.957389,-0.457072,-0.015212,0.016621,0.101862,-0.004374,0.005279,-0.000616,0.560968,0.351453,-0.632772,-0.401740,93.033535,-25.311903,-97.857934
62351,NaN,4.225273,8.957546,-0.456327,-0.015710,0.017146,0.101860,-0.006670,0.006539,-0.005615,0.560975,0.351448,-0.632762,-0.401750,93.031473,-25.311497,-97.857263
62352,NaN,4.227370,8.933871,-0.406524,-0.065274,0.010946,0.079005,-0.004374,0.005279,-0.000616,0.560980,0.351420,-0.632773,-0.401750,93.030865,-25.314127,-97.859272
62353,NaN,4.261257,8.918036,-0.463825,-0.012554,-0.032435,0.081937,-0.006862,0.002107,-0.002160,0.560981,0.351396,-0.632781,-0.401759,93.029942,-25.315562,-97.861523
62354,NaN,4.215161,8.945187,-0.435867,-0.034418,0.023800,0.085403,-0.000213,0.007186,-0.005466,0.560981,0.351412,-0.632779,-0.401747,93.031093,-25.315194,-97.859980
62355,NaN,4.222327,8.924670,-0.445795,-0.025619,0.007435,0.070420,-0.004421,0.007051,-0.004278,0.560989,0.351411,-0.632774,-0.401745,93.030200,-25.315568,-97.859030
62356,NaN,4.214466,8.945569,-0.434757,-0.035389,0.024842,0.085397,-0.002173,0.007562,-0.002939,0.560999,0.351416,-0.632772,-0.401729,93.030338,-25.316700,-97.857102
62357,NaN,4.235366,8.947455,-0.422306,-0.050377,0.008482,0.095441,-0.001815,0.006581,-0.004589,0.561000,0.351422,-0.632773,-0.401721,93.031061,-25.316881,-97.856439
62358,NaN,4.225647,8.934833,-0.403275,-0.068182,0.014102,0.078982,-0.004015,0.004297,-0.002267,0.561002,0.351409,-0.632781,-0.401717,93.031195,-25.318490,-97.857469
62359,NaN,4.225378,8.934988,-0.402658,-0.068678,0.014628,0.078978,-0.004420,0.007050,-0.004279,0.561009,0.351407,-0.632776,-0.401715,93.030303,-25.318863,-97.856519
62360,NaN,4.234285,8.948051,-0.420509,-0.051770,0.010052,0.095432,-0.004706,0.006162,-0.008146,0.561008,0.351414,-0.632764,-0.401731,93.028779,-25.316859,-97.855979
62361,NaN,4.219868,8.926010,-0.442246,-0.028474,0.010561,0.070409,-0.007432,0.000329,-0.009896,0.560989,0.351408,-0.632762,-0.401767,93.027899,-25.313815,-97.859095
62362,NaN,4.232788,8.948827,-0.419066,-0.052706,0.011082,0.095426,-0.004824,0.009803,-0.006291,0.561004,0.351418,-0.632742,-0.401768,93.025617,-25.313044,-97.855977
62363,NaN,4.260976,8.930145,-0.416712,-0.058406,-0.022168,0.090502,-0.004465,0.008822,-0.007942,0.561010,0.351432,-0.632725,-0.401774,93.024167,-25.311375,-97.853783
62364,NaN,4.217706,8.927146,-0.439926,-0.029861,0.012114,0.070403,-0.002907,0.011199,-0.012481,0.561012,0.351468,-0.632697,-0.401784,93.022635,-25.307230,-97.849965
62365,NaN,4.259038,8.931139,-0.415220,-0.059359,-0.021114,0.090498,-0.002906,0.011199,-0.012482,0.561013,0.351505,-0.632669,-0.401794,93.021371,-25.303034,-97.846116
62366,NaN,4.219580,8.937960,-0.397466,-0.071904,0.018270,0.078949,-0.002950,0.012971,-0.016146,0.561010,0.351549,-0.632632,-0.401817,93.019271,-25.296930,-97.842290
62367,NaN,4.247212,8.919542,-0.395423,-0.077608,-0.014980,0.074029,0.002951,0.010169,-0.010886,0.561001,0.351596,-0.632622,-0.401806,93.021664,-25.293617,-97.839146
62368,NaN,4.195965,8.937392,-0.408887,-0.058463,0.036264,0.068889,0.003389,0.007319,-0.018055,0.560967,0.351660,-0.632611,-0.401814,93.025498,-25.286461,-97.837826
62369,NaN,4.223290,8.919103,-0.407385,-0.064168,0.003012,0.063973,0.001952,0.001299,-0.015371,0.560923,0.351700,-0.632616,-0.401834,93.029653,-25.280314,-97.840145
62370,NaN,4.193059,8.938748,-0.409056,-0.059469,0.037356,0.068879,0.002552,0.002978,-0.016817,0.560879,0.351747,-0.632616,-0.401852,93.033824,-25.273627,-97.841725
62371,NaN,4.219988,8.977779,-0.464759,-0.008078,0.022693,0.118287,0.001355,-0.000381,-0.013927,0.560833,0.351778,-0.632627,-0.401872,93.038110,-25.268254,-97.845154
62372,NaN,4.197567,8.976596,-0.476960,0.006017,0.040097,0.108235,0.002359,-0.001454,-0.013360,0.560779,0.351794,-0.632648,-0.401901,93.042761,-25.263303,-97.851150
62373,NaN,4.205881,8.989912,-0.495598,0.022815,0.035558,0.124706,-0.000607,-0.000006,-0.011401,0.560743,0.351812,-0.632658,-0.401920,93.045857,-25.259387,-97.854426
62374,NaN,4.214331,9.003186,-0.513854,0.039695,0.030993,0.141179,-0.002737,0.005781,-0.010683,0.560731,0.351829,-0.632647,-0.401938,93.045619,-25.255973,-97.854384
62375,NaN,4.204033,8.990814,-0.494927,0.021906,0.036580,0.124704,-0.000491,0.006295,-0.009342,0.560719,0.351854,-0.632643,-0.401940,93.047110,-25.253426,-97.853743
62376,NaN,4.203400,8.991127,-0.494612,0.021500,0.037086,0.124703,-0.000209,0.007184,-0.005474,0.560716,0.351860,-0.632645,-0.401936,93.047991,-25.253088,-97.853621
62377,NaN,4.176639,8.986393,-0.446481,-0.022871,0.064650,0.106699,-0.006144,0.010079,-0.001555,0.560741,0.351852,-0.632633,-0.401927,93.045333,-25.255112,-97.850848
62378,NaN,4.145996,8.971879,-0.439189,-0.026049,0.087068,0.080165,-0.003133,0.006860,0.000150,0.560755,0.351835,-0.632638,-0.401915,93.044713,-25.257910,-97.850615
62379,NaN,4.190443,9.008823,-0.422511,-0.047587,0.065729,0.131690,-0.007062,0.007609,0.005205,0.560788,0.351798,-0.632643,-0.401894,93.042293,-25.263727,-97.849632
62380,NaN,4.200937,8.964037,-0.383079,-0.087831,0.042608,0.093828,-0.005055,0.005463,0.006341,0.560812,0.351753,-0.632660,-0.401872,93.041310,-25.270181,-97.850630
62381,NaN,4.197391,8.954137,-0.423404,-0.047224,0.038009,0.085306,-0.005293,0.002802,0.006136,0.560828,0.351708,-0.632684,-0.401851,93.041214,-25.276384,-97.852719
62382,NaN,4.226902,8.934879,-0.421214,-0.052853,0.004757,0.080410,-0.006253,0.002103,0.009231,0.560846,0.351636,-0.632717,-0.401838,93.040214,-25.284397,-97.857246
62383,NaN,4.244754,8.926641,-0.449387,-0.026771,-0.016702,0.081948,-0.008259,0.004249,0.008094,0.560876,0.351579,-0.632734,-0.401819,93.038056,-25.291764,-97.858485
62384,NaN,4.224213,8.924633,-0.460528,-0.012639,0.000628,0.071895,-0.006056,0.006535,0.005771,0.560907,0.351539,-0.632741,-0.401799,93.035805,-25.297685,-97.857992
62385,NaN,4.253491,8.905480,-0.458258,-0.018366,-0.032625,0.067007,-0.002850,0.007748,0.004018,0.560931,0.351517,-0.632752,-0.401768,93.035742,-25.302827,-97.856881
62386,NaN,4.253875,8.905340,-0.457401,-0.018791,-0.032113,0.067008,-0.009302,0.007095,0.003859,0.560963,0.351472,-0.632751,-0.401764,93.031690,-25.307854,-97.856636
62387,NaN,4.208223,8.932146,-0.429125,-0.040629,0.024175,0.070343,-0.002891,0.009520,0.000354,0.560985,0.351466,-0.632750,-0.401740,93.031071,-25.310953,-97.854279
62388,NaN,4.258183,8.914969,-0.414764,-0.060814,-0.025956,0.075510,-0.006377,0.007420,-0.001763,0.561004,0.351451,-0.632742,-0.401740,93.028501,-25.312661,-97.853048
62389,NaN,4.227315,8.900566,-0.407483,-0.064059,-0.003522,0.048965,-0.004412,0.007046,-0.004289,0.561011,0.351450,-0.632737,-0.401738,93.027612,-25.313028,-97.852102
62390,NaN,4.240596,8.923168,-0.384488,-0.088363,-0.002894,0.073950,-0.001165,0.006486,-0.002378,0.561014,0.351447,-0.632745,-0.401724,93.028675,-25.314603,-97.851979
62391,NaN,4.232557,8.944091,-0.373539,-0.098155,0.014564,0.088877,-0.003450,0.007745,-0.007385,0.561016,0.351460,-0.632734,-0.401727,93.028104,-25.313221,-97.850487
62392,NaN,4.208986,8.909114,-0.377108,-0.092066,0.020099,0.047394,-0.000682,0.001866,-0.005883,0.560993,0.351454,-0.632753,-0.401734,93.030575,-25.312736,-97.854292
62393,NaN,4.244468,8.927102,-0.442883,-0.031445,-0.011492,0.081942,-0.000442,0.004526,-0.005678,0.560983,0.351463,-0.632761,-0.401728,93.032624,-25.312232,-97.854895
62394,NaN,4.234432,8.914580,-0.424035,-0.049183,-0.005879,0.065445,-0.003928,0.002425,-0.007796,0.560965,0.351457,-0.632767,-0.401749,93.033034,-25.310636,-97.857868
62395,NaN,4.227846,8.969185,-0.421321,-0.050996,0.023458,0.111793,-0.000721,0.003638,-0.009548,0.560945,0.351476,-0.632770,-0.401756,93.035107,-25.307892,-97.858903
62396,NaN,4.244109,8.961707,-0.449922,-0.024842,0.001954,0.113362,-0.003326,0.004104,-0.009242,0.560932,0.351486,-0.632764,-0.401774,93.034993,-25.305221,-97.859667
62397,NaN,4.229707,8.939689,-0.471909,-0.001505,0.002379,0.088381,-0.002725,0.005784,-0.010687,0.560920,0.351507,-0.632755,-0.401787,93.035321,-25.301890,-97.859305
62398,NaN,4.232858,8.949782,-0.430530,-0.043074,0.008064,0.096859,0.000120,0.007978,-0.010790,0.560910,0.351540,-0.632744,-0.401789,93.036482,-25.298581,-97.857559
62399,NaN,4.227760,8.940644,-0.471258,-0.002466,0.003424,0.088381,0.000244,0.004338,-0.012645,0.560884,0.351573,-0.632742,-0.401801,93.038874,-25.294085,-97.858046
62400,NaN,4.213751,8.958632,-0.401039,-0.070580,0.031138,0.095272,-0.001482,0.007370,-0.009915,0.560873,0.351589,-0.632735,-0.401812,93.039208,-25.291391,-97.858029
62401,NaN,4.208658,8.949496,-0.441688,-0.029971,0.026494,0.086795,-0.000996,0.002750,-0.013421,0.560842,0.351618,-0.632733,-0.401833,93.041307,-25.286403,-97.859495
62402,NaN,4.211824,8.959563,-0.400489,-0.071459,0.032134,0.095263,0.000161,0.006205,-0.007127,0.560835,0.351635,-0.632731,-0.401831,93.042462,-25.284888,-97.858856
62403,NaN,4.178258,8.969195,-0.442719,-0.025596,0.061264,0.091650,-0.002082,0.005690,-0.008471,0.560826,0.351651,-0.632727,-0.401837,93.043215,-25.282822,-97.858628
62404,NaN,4.210497,8.960217,-0.399802,-0.072378,0.033188,0.095253,-0.001680,0.002937,-0.006456,0.560809,0.351648,-0.632737,-0.401847,93.044518,-25.281874,-97.861291
62405,NaN,4.198271,8.971530,-0.430070,-0.041062,0.045483,0.101698,-0.002281,0.001257,-0.005010,0.560793,0.351643,-0.632751,-0.401851,93.046404,-25.281653,-97.863984
62406,NaN,4.207273,8.984581,-0.448311,-0.024231,0.040899,0.118202,-0.002281,0.001257,-0.005011,0.560783,0.351646,-0.632759,-0.401851,93.047821,-25.281199,-97.865144
62407,NaN,4.212774,8.930544,-0.450609,-0.023397,0.012583,0.071867,0.002805,0.003967,-0.003768,0.560769,0.351658,-0.632778,-0.401831,93.051908,-25.281771,-97.866164
62408,NaN,4.221741,8.943608,-0.468989,-0.006615,0.008037,0.088376,-0.002920,0.001349,-0.007231,0.560753,0.351664,-0.632783,-0.401839,93.053248,-25.280232,-97.867698
62409,NaN,4.221253,8.943859,-0.468597,-0.007112,0.008560,0.088375,-0.003646,0.003309,-0.003930,0.560748,0.351656,-0.632790,-0.401840,93.053813,-25.280691,-97.869129
62410,NaN,4.203627,8.951982,-0.439200,-0.034122,0.031104,0.086769,-0.003922,0.002422,-0.007802,0.560732,0.351653,-0.632795,-0.401859,93.054172,-25.278985,-97.871650
62411,NaN,4.245332,8.955838,-0.414760,-0.063729,-0.002017,0.106881,-0.001679,0.002937,-0.006457,0.560717,0.351658,-0.632803,-0.401862,93.055928,-25.277987,-97.873231
62412,NaN,4.202503,8.952553,-0.438332,-0.035112,0.032193,0.086762,-0.005650,0.005453,-0.005071,0.560718,0.351647,-0.632802,-0.401872,93.054786,-25.278086,-97.874143
62413,NaN,4.219215,8.944924,-0.466601,-0.009058,0.010703,0.088372,-0.004648,0.004381,-0.004501,0.560717,0.351641,-0.632804,-0.401877,93.054479,-25.278252,-97.874877
62414,NaN,4.201841,8.952932,-0.436923,-0.036017,0.033237,0.086755,-0.006376,0.007412,-0.001771,0.560731,0.351617,-0.632800,-0.401883,93.051868,-25.280103,-97.874996
62415,NaN,4.230379,8.934201,-0.434449,-0.041778,-0.000015,0.081910,-0.006651,0.006525,-0.005643,0.560738,0.351613,-0.632790,-0.401893,93.049817,-25.279681,-97.874335
62416,NaN,4.208796,8.932649,-0.446032,-0.027757,0.017409,0.071849,0.001804,0.005040,-0.004338,0.560724,0.351617,-0.632809,-0.401878,93.053395,-25.280400,-97.876087
62417,NaN,4.223800,8.988779,-0.431119,-0.044157,0.029985,0.128221,-0.006376,0.007412,-0.001772,0.560741,0.351603,-0.632804,-0.401875,93.051319,-25.282220,-97.874995
62418,NaN,4.221639,8.955468,-0.422361,-0.052547,0.018571,0.096800,-0.003681,0.005081,-0.007599,0.560738,0.351614,-0.632796,-0.401883,93.050918,-25.280485,-97.874467
62419,NaN,4.194551,8.950731,-0.374323,-0.096833,0.046174,0.078645,-0.004408,0.007040,-0.004298,0.560745,0.351613,-0.632791,-0.401882,93.050033,-25.280848,-97.873525
62420,NaN,4.216799,8.946294,-0.462168,-0.012460,0.014454,0.088363,-0.002404,0.004896,-0.003158,0.560745,0.351609,-0.632800,-0.401872,93.051121,-25.282004,-97.873977
62421,NaN,4.249368,8.937158,-0.419218,-0.059338,-0.013589,0.091956,-0.000800,0.005504,-0.004033,0.560741,0.351614,-0.632807,-0.401861,93.052722,-25.282472,-97.874016
62422,NaN,4.206791,8.933749,-0.442899,-0.030723,0.020593,0.071834,-0.004007,0.004288,-0.002283,0.560743,0.351603,-0.632815,-0.401855,93.053041,-25.284090,-97.874864
62423,NaN,4.237115,8.948537,-0.448761,-0.028545,-0.000747,0.098419,-0.004645,0.004380,-0.004504,0.560742,0.351596,-0.632816,-0.401860,93.052737,-25.284254,-97.875598
62424,NaN,4.227091,8.935978,-0.429891,-0.046266,0.004823,0.081889,0.000530,0.005226,-0.008781,0.560729,0.351623,-0.632816,-0.401856,93.054988,-25.281960,-97.874958
62425,NaN,4.205522,8.934411,-0.441598,-0.032190,0.022155,0.071826,-0.004609,0.002607,-0.000837,0.560730,0.351602,-0.632829,-0.401853,93.055236,-25.284167,-97.876938
62426,NaN,4.214736,8.947396,-0.459645,-0.015435,0.017648,0.088354,-0.002039,0.003916,-0.004809,0.560721,0.351599,-0.632838,-0.401852,93.056511,-25.284286,-97.878327
62427,NaN,4.227738,8.970093,-0.436739,-0.039802,0.018341,0.113296,-0.001199,0.008256,-0.006051,0.560724,0.351615,-0.632833,-0.401843,93.057111,-25.283683,-97.876557
62428,NaN,4.175533,8.953910,-0.441929,-0.028316,0.057474,0.076639,-0.001801,0.006576,-0.004605,0.560730,0.351629,-0.632827,-0.401831,93.057346,-25.283601,-97.874300
62429,NaN,4.217493,8.957658,-0.417314,-0.057963,0.024392,0.096757,-0.003404,0.005967,-0.003730,0.560734,0.351627,-0.632828,-0.401827,93.057334,-25.284257,-97.874056
62430,NaN,4.205500,8.968898,-0.447251,-0.026590,0.036647,0.103227,-0.003167,0.008627,-0.003526,0.560747,0.351630,-0.632820,-0.401818,93.056383,-25.285039,-97.871933
62431,NaN,4.226411,8.970832,-0.434401,-0.041665,0.020371,0.113285,-0.007613,0.005821,-0.002552,0.560760,0.351612,-0.632815,-0.401824,93.054016,-25.286363,-97.871822
62432,NaN,4.193234,8.980311,-0.476380,0.004275,0.049429,0.109696,-0.000196,0.007185,-0.005481,0.560760,0.351628,-0.632814,-0.401812,93.055209,-25.285997,-97.870329
62433,NaN,4.212461,8.948668,-0.455704,-0.018738,0.021227,0.088341,-0.007578,0.004048,0.001115,0.560774,0.351595,-0.632820,-0.401810,93.053395,-25.289365,-97.871462
62434,NaN,4.233659,8.950476,-0.442667,-0.033754,0.004918,0.098401,-0.007739,0.009459,-0.000698,0.560806,0.351581,-0.632804,-0.401805,93.049577,-25.291713,-97.868446
62435,NaN,4.212438,8.948779,-0.453747,-0.019668,0.022240,0.088337,-0.006372,0.007409,-0.001778,0.560823,0.351567,-0.632799,-0.401801,93.047503,-25.293529,-97.867355
62436,NaN,4.254605,8.952443,-0.428723,-0.049366,-0.010797,0.108459,-0.006372,0.007408,-0.001778,0.560842,0.351557,-0.632793,-0.401793,93.045673,-25.295491,-97.865655
62437,NaN,4.233409,8.950732,-0.439873,-0.035278,0.006524,0.098395,-0.006736,0.008387,-0.000128,0.560866,0.351539,-0.632787,-0.401785,93.043150,-25.298281,-97.864000
62438,NaN,4.220059,8.928286,-0.461451,-0.011882,0.006864,0.073461,-0.007339,0.006706,0.001317,0.560890,0.351512,-0.632786,-0.401776,93.040706,-25.301888,-97.863176
62439,NaN,4.231515,8.917347,-0.430079,-0.044192,-0.004355,0.066978,-0.003196,0.010400,-0.007196,0.560900,0.351530,-0.632769,-0.401773,93.039565,-25.300695,-97.860009
62440,NaN,4.240632,8.930428,-0.447532,-0.027411,-0.008900,0.083522,-0.011818,0.005673,-0.001380,0.560924,0.351497,-0.632755,-0.401790,93.034514,-25.302622,-97.859721
62441,NaN,4.215355,8.959133,-0.407128,-0.063731,0.030652,0.096704,-0.004434,0.008812,-0.007973,0.560929,0.351511,-0.632739,-0.401796,93.033082,-25.300936,-97.857533
62442,NaN,4.239786,8.930923,-0.445664,-0.028366,-0.007872,0.083520,-0.005767,0.009088,-0.003227,0.560951,0.351511,-0.632723,-0.401789,93.030621,-25.301888,-97.854441
62443,NaN,4.231769,8.951774,-0.434412,-0.038162,0.009644,0.098382,-0.004400,0.007038,-0.004306,0.560959,0.351510,-0.632718,-0.401788,93.029740,-25.302246,-97.853499
62444,NaN,4.240897,8.964848,-0.452051,-0.021417,0.005120,0.114930,-0.007004,0.007500,-0.004005,0.560975,0.351504,-0.632705,-0.401790,93.027133,-25.302804,-97.851703
62445,NaN,4.221482,8.939363,-0.414349,-0.056359,0.015743,0.081825,-0.003431,0.007741,-0.007403,0.560977,0.351517,-0.632695,-0.401793,93.026574,-25.301412,-97.850213
62446,NaN,4.199754,8.937889,-0.425827,-0.042285,0.033073,0.071757,-0.002192,0.009328,-0.006627,0.560986,0.351540,-0.632682,-0.401781,93.026477,-25.300604,-97.846792
62447,NaN,4.229816,8.952828,-0.431714,-0.040155,0.011764,0.098372,-0.001429,0.005598,-0.006259,0.560980,0.351550,-0.632683,-0.401778,93.027660,-25.299800,-97.846696
62448,NaN,4.191015,8.959080,-0.414302,-0.052522,0.051070,0.086605,-0.005399,0.008109,-0.004880,0.560997,0.351559,-0.632665,-0.401775,93.025532,-25.299642,-97.843380
62449,NaN,4.219537,8.940373,-0.412363,-0.058313,0.017815,0.081810,0.003812,0.002900,-0.003193,0.560979,0.351569,-0.632690,-0.401751,93.030492,-25.300512,-97.845094
62450,NaN,4.190370,8.959397,-0.413959,-0.053464,0.052085,0.086595,-0.000793,0.005504,-0.004037,0.560981,0.351580,-0.632692,-0.401737,93.031761,-25.300818,-97.843922
62451,NaN,4.228412,8.953544,-0.430604,-0.042040,0.013784,0.098361,0.001208,0.003362,-0.002892,0.560969,0.351583,-0.632711,-0.401720,93.035108,-25.301873,-97.845353
62452,NaN,4.199343,8.972523,-0.432151,-0.037141,0.048057,0.103144,-0.000397,0.002752,-0.002019,0.560962,0.351574,-0.632729,-0.401712,93.037074,-25.303298,-97.847436
62453,NaN,4.228037,8.953733,-0.430359,-0.042936,0.014802,0.098356,-0.000397,0.002752,-0.002019,0.560953,0.351568,-0.632748,-0.401699,93.039679,-25.304835,-97.849282
62454,NaN,4.223805,8.944314,-0.471237,-0.002226,0.010059,0.090001,0.000573,0.003455,-0.005116,0.560935,0.351564,-0.632765,-0.401702,93.042041,-25.304697,-97.852298
62455,NaN,4.202507,8.942613,-0.483183,0.011882,0.027359,0.079935,-0.001366,0.002049,0.001078,0.560932,0.351544,-0.632789,-0.401684,93.044325,-25.307984,-97.854694
62456,NaN,4.215865,8.965097,-0.460338,-0.012486,0.028088,0.104845,-0.001159,0.006482,-0.002387,0.560939,0.351550,-0.632792,-0.401665,93.045243,-25.309321,-97.853184
62457,NaN,4.244773,8.946231,-0.458123,-0.018287,-0.005168,0.100065,-0.005099,0.007219,0.002661,0.560962,0.351525,-0.632797,-0.401646,93.044013,-25.313671,-97.852361
62458,NaN,4.214212,8.931570,-0.451207,-0.021325,0.017175,0.073433,-0.001158,0.006482,-0.002387,0.560965,0.351519,-0.632805,-0.401635,93.044775,-25.315152,-97.852659
62459,NaN,4.237024,8.966958,-0.446497,-0.028521,0.012889,0.114905,-0.005733,0.007312,0.000437,0.560985,0.351500,-0.632805,-0.401624,93.043124,-25.318232,-97.851703
62460,NaN,4.235203,8.933485,-0.437838,-0.036792,0.001396,0.083496,-0.002158,0.007553,-0.002961,0.560993,0.351496,-0.632803,-0.401619,93.042520,-25.319164,-97.850930
62461,NaN,4.234971,8.933624,-0.437245,-0.037288,0.001921,0.083494,-0.005000,0.005355,-0.002865,0.560999,0.351486,-0.632804,-0.401618,93.041771,-25.320296,-97.851101
62462,NaN,4.225296,8.920866,-0.418071,-0.054926,0.007487,0.066922,-0.006604,0.004745,-0.001992,0.561006,0.351460,-0.632806,-0.401628,93.039871,-25.321935,-97.852522
62463,NaN,4.205564,8.952816,-0.437587,-0.032904,0.036747,0.088259,-0.001424,0.005597,-0.006262,0.560999,0.351471,-0.632808,-0.401625,93.041056,-25.321130,-97.852425
62464,NaN,4.234145,8.934103,-0.435447,-0.038717,0.003503,0.083488,-0.004366,0.005262,-0.000642,0.561010,0.351457,-0.632813,-0.401613,93.040765,-25.323598,-97.852278
62465,NaN,4.241566,8.913624,-0.445394,-0.029912,-0.012988,0.068653,-0.002662,0.004009,-0.007040,0.560999,0.351463,-0.632815,-0.401619,93.041659,-25.322300,-97.853161
62466,NaN,4.225494,8.955241,-0.423900,-0.048953,0.021520,0.098316,-0.005028,0.007129,-0.006537,0.561009,0.351475,-0.632799,-0.401622,93.039953,-25.321160,-97.850679
62467,NaN,4.242215,8.947747,-0.452179,-0.022947,-0.000015,0.100057,-0.003028,0.004987,-0.005390,0.561005,0.351477,-0.632800,-0.401623,93.040397,-25.320835,-97.850998
62468,NaN,4.203342,8.953990,-0.434907,-0.035385,0.039371,0.088240,-0.002423,0.006668,-0.006837,0.561006,0.351495,-0.632795,-0.401615,93.041110,-25.319905,-97.849270
62469,NaN,4.223841,8.956098,-0.422272,-0.050499,0.023134,0.098304,-0.003660,0.005080,-0.007615,0.560999,0.351502,-0.632791,-0.401624,93.041134,-25.318311,-97.849456
62470,NaN,4.232853,8.969243,-0.440112,-0.033775,0.018616,0.114879,-0.003156,0.008623,-0.003536,0.561012,0.351506,-0.632784,-0.401613,93.040399,-25.319170,-97.847353
62471,NaN,4.192270,8.941910,-0.415020,-0.054044,0.045987,0.071648,0.001549,0.004159,-0.008214,0.560992,0.351528,-0.632793,-0.401609,93.043649,-25.317205,-97.848101
62472,NaN,4.231551,8.969884,-0.439576,-0.034751,0.019675,0.114874,-0.001687,0.004712,-0.010140,0.560976,0.351548,-0.632789,-0.401619,93.044758,-25.314204,-97.848284
62473,NaN,4.192777,8.976054,-0.422458,-0.047121,0.059024,0.103042,-0.002367,0.003119,0.000503,0.560977,0.351530,-0.632807,-0.401604,93.046171,-25.317194,-97.849984
62474,NaN,4.225262,8.927148,-0.471890,-0.002479,0.003445,0.075158,-0.002659,0.004009,-0.007043,0.560966,0.351532,-0.632811,-0.401614,93.046851,-25.315990,-97.851461
62475,NaN,4.209327,8.968662,-0.450627,-0.021580,0.038020,0.104796,-0.001394,0.003822,-0.002594,0.560961,0.351527,-0.632824,-0.401604,93.048586,-25.317230,-97.852611
62476,NaN,4.237890,8.949974,-0.448646,-0.027324,0.004703,0.100045,-0.002026,0.003916,-0.004819,0.560960,0.351536,-0.632824,-0.401598,93.049370,-25.316919,-97.851995
62477,NaN,4.216339,8.948403,-0.460355,-0.013194,0.021982,0.089974,-0.003025,0.004986,-0.005393,0.560956,0.351538,-0.632825,-0.401599,93.049815,-25.316593,-97.852314
62478,NaN,4.215818,8.948673,-0.459866,-0.013647,0.022505,0.089972,-0.002420,0.006667,-0.006840,0.560954,0.351548,-0.632821,-0.401600,93.049862,-25.315521,-97.851646
62479,NaN,4.205836,8.936030,-0.440935,-0.031331,0.028069,0.073381,-0.004867,0.001716,-0.004725,0.560944,0.351536,-0.632829,-0.401611,93.050147,-25.315477,-97.854057
62480,NaN,4.206915,8.969904,-0.448430,-0.023890,0.040573,0.104781,-0.001446,0.007371,-0.009937,0.560937,0.351560,-0.632818,-0.401618,93.050455,-25.312594,-97.852860
62481,NaN,4.246932,8.940221,-0.415544,-0.061535,-0.004393,0.093516,-0.006364,0.007400,-0.001794,0.560954,0.351546,-0.632813,-0.401615,93.048385,-25.314401,-97.851773
62482,NaN,4.204316,8.936836,-0.439092,-0.032687,0.029619,0.073372,-0.003655,0.005079,-0.007619,0.560945,0.351546,-0.632810,-0.401631,93.047913,-25.312807,-97.852905
62483,NaN,4.228754,8.948449,-0.385456,-0.088939,0.018725,0.091726,-0.001787,0.006574,-0.004616,0.560946,0.351552,-0.632811,-0.401623,93.048649,-25.312974,-97.852246
62484,NaN,4.214935,8.926251,-0.407581,-0.065470,0.018954,0.066843,-0.002418,0.006667,-0.006841,0.560946,0.351566,-0.632804,-0.401621,93.048795,-25.311855,-97.850892
62485,NaN,4.233408,8.952326,-0.444005,-0.031598,0.009400,0.100029,-0.002024,0.003915,-0.004821,0.560938,0.351567,-0.632812,-0.401619,93.050112,-25.311824,-97.851909
62486,NaN,4.206156,8.947403,-0.396279,-0.075728,0.037023,0.081639,-0.002417,0.006667,-0.006842,0.560938,0.351581,-0.632805,-0.401618,93.050193,-25.310646,-97.850575
62487,NaN,4.194035,8.958765,-0.426334,-0.044402,0.049253,0.088159,-0.004865,0.001715,-0.004728,0.560929,0.351570,-0.632813,-0.401628,93.050479,-25.310600,-97.852987
62488,NaN,4.231911,8.953105,-0.442576,-0.032980,0.010957,0.100023,-0.002417,0.006667,-0.006843,0.560923,0.351571,-0.632811,-0.401638,93.050331,-25.309545,-97.853589
62489,NaN,4.210331,8.951533,-0.454440,-0.018835,0.028222,0.089949,0.001817,0.005045,-0.004340,0.560913,0.351584,-0.632824,-0.401620,93.053550,-25.309822,-97.853907
62490,NaN,4.232646,8.987139,-0.450031,-0.026056,0.023997,0.131418,-0.002653,0.004008,-0.007048,0.560904,0.351591,-0.632824,-0.401626,93.054167,-25.308467,-97.854414
62491,NaN,4.209291,8.952050,-0.453895,-0.019783,0.029255,0.089944,-0.000418,0.004526,-0.005694,0.560894,0.351601,-0.632832,-0.401620,93.056226,-25.307954,-97.855015
62492,NaN,4.208878,8.952258,-0.453630,-0.020255,0.029781,0.089941,-0.000786,0.005503,-0.004043,0.560891,0.351606,-0.632838,-0.401609,93.057684,-25.308443,-97.854946
62493,NaN,4.200810,8.973040,-0.442876,-0.030054,0.047351,0.104734,-0.001392,0.003822,-0.002597,0.560887,0.351601,-0.632851,-0.401599,93.059420,-25.309681,-97.856097
62494,NaN,4.200646,8.973136,-0.442486,-0.030465,0.047842,0.104730,-0.002760,0.005869,-0.001520,0.560894,0.351591,-0.632856,-0.401590,93.059271,-25.311465,-97.856001
62495,NaN,4.208178,8.952638,-0.452607,-0.021656,0.031318,0.089933,0.000819,0.006115,-0.004915,0.560888,0.351605,-0.632863,-0.401576,93.061620,-25.311447,-97.855623
62496,NaN,4.200098,8.973433,-0.441660,-0.031397,0.048869,0.104723,-0.006600,0.004738,-0.002003,0.560899,0.351586,-0.632861,-0.401580,93.059740,-25.312966,-97.855934
62497,NaN,4.246108,8.947005,-0.468264,-0.010763,-0.006476,0.101819,-0.001155,0.006480,-0.002393,0.560903,0.351587,-0.632868,-0.401564,93.060895,-25.314401,-97.855410
62498,NaN,4.207559,8.953003,-0.451147,-0.022998,0.032792,0.089926,-0.002997,0.003210,-0.001725,0.560908,0.351584,-0.632872,-0.401553,93.061275,-25.315761,-97.855004
62499,NaN,4.228509,8.954917,-0.438401,-0.038145,0.016586,0.099996,-0.006599,0.004738,-0.002004,0.560917,0.351565,-0.632873,-0.401556,93.059788,-25.317366,-97.855595
62500,NaN,4.228388,8.955012,-0.437632,-0.038649,0.017100,0.099993,-0.005363,0.006326,-0.001225,0.560935,0.351559,-0.632868,-0.401542,93.058629,-25.319401,-97.853691
62501,NaN,4.239887,8.943991,-0.406255,-0.070967,0.005932,0.093452,-0.006362,0.007396,-0.001801,0.560952,0.351545,-0.632863,-0.401539,93.056561,-25.321203,-97.852606
62502,NaN,4.226499,8.921633,-0.427931,-0.047500,0.006116,0.068590,-0.007966,0.006784,-0.000930,0.560976,0.351531,-0.632853,-0.401534,93.053724,-25.323415,-97.850500
62503,NaN,4.247314,8.923613,-0.415050,-0.062651,-0.010087,0.078662,-0.001176,0.008255,-0.006066,0.560978,0.351547,-0.632848,-0.401525,93.054333,-25.322803,-97.848727
62504,NaN,4.210141,8.963313,-0.405685,-0.067069,0.041244,0.098147,-0.005622,0.005442,-0.005104,0.560987,0.351550,-0.632837,-0.401527,93.052925,-25.322493,-97.847193
62505,NaN,4.215821,8.909361,-0.407477,-0.066116,0.012686,0.051965,-0.005621,0.005442,-0.005104,0.560989,0.351545,-0.632833,-0.401534,93.051763,-25.322345,-97.847232
62506,NaN,4.226589,8.956084,-0.433042,-0.041594,0.020219,0.099976,-0.005384,0.008100,-0.004900,0.561002,0.351547,-0.632821,-0.401533,93.050053,-25.322482,-97.845215
62507,NaN,4.233942,8.935706,-0.442787,-0.032784,0.003684,0.085196,-0.004015,0.006054,-0.005976,0.561002,0.351551,-0.632817,-0.401536,93.049632,-25.321854,-97.844838
62508,NaN,4.225585,8.956619,-0.431765,-0.042609,0.021284,0.099969,-0.002410,0.006666,-0.006847,0.561002,0.351566,-0.632811,-0.401532,93.050107,-25.320814,-97.843390
62509,NaN,4.225138,8.956856,-0.431239,-0.043105,0.021809,0.099966,-0.003386,0.005961,-0.003750,0.561005,0.351564,-0.632812,-0.401528,93.050105,-25.321458,-97.843147
62510,NaN,4.232505,8.936471,-0.441098,-0.034221,0.005219,0.085190,-0.005250,0.004465,-0.006757,0.561006,0.351569,-0.632802,-0.401538,93.048889,-25.320099,-97.842612
62511,NaN,4.212553,8.968499,-0.460639,-0.012203,0.034496,0.106508,-0.001174,0.008255,-0.006068,0.561008,0.351585,-0.632797,-0.401530,93.049500,-25.319485,-97.840839
62512,NaN,4.262320,8.951661,-0.445939,-0.032632,-0.015492,0.111886,-0.009333,0.008827,0.000141,0.561037,0.351551,-0.632786,-0.401536,93.044797,-25.322443,-97.839996
62513,NaN,4.202514,8.955906,-0.440427,-0.030262,0.040564,0.089877,-0.004404,0.008805,-0.008001,0.561042,0.351565,-0.632770,-0.401542,93.043380,-25.320741,-97.837809
62514,NaN,4.213604,8.945049,-0.409203,-0.062556,0.029405,0.083323,-0.003385,0.005960,-0.003751,0.561046,0.351562,-0.632770,-0.401538,93.043233,-25.321407,-97.837446
62515,NaN,4.234254,8.947103,-0.396378,-0.077719,0.013216,0.093394,-0.005010,0.007123,-0.006555,0.561051,0.351567,-0.632760,-0.401544,93.041945,-25.320480,-97.836373
62516,NaN,4.209019,8.936000,-0.448957,-0.022414,0.025090,0.075101,-0.002149,0.007549,-0.002971,0.561058,0.351567,-0.632761,-0.401532,93.042237,-25.321746,-97.835389
62517,NaN,4.229731,8.938023,-0.436219,-0.037579,0.008901,0.085175,-0.004011,0.006053,-0.005980,0.561058,0.351571,-0.632757,-0.401535,93.041819,-25.321116,-97.835012
62518,NaN,4.229346,8.938231,-0.435701,-0.037998,0.009382,0.085173,-0.002386,0.004890,-0.003176,0.561060,0.351569,-0.632760,-0.401529,93.042158,-25.321866,-97.834887
62519,NaN,4.240433,8.927351,-0.404906,-0.070316,-0.001775,0.078615,0.001566,0.004164,-0.008219,0.561040,0.351591,-0.632768,-0.401525,93.045415,-25.319897,-97.835630
62520,NaN,4.210960,8.946431,-0.406188,-0.065382,0.032539,0.083295,-0.005379,0.008098,-0.004906,0.561048,0.351582,-0.632760,-0.401534,93.043274,-25.320007,-97.835363
62521,NaN,4.229430,8.972596,-0.442600,-0.031581,0.023005,0.116558,0.002565,0.003095,-0.007643,0.561024,0.351603,-0.632774,-0.401527,93.047401,-25.318335,-97.836802
62522,NaN,4.227180,8.939308,-0.434617,-0.039866,0.011471,0.085164,-0.000409,0.004527,-0.005699,0.561014,0.351610,-0.632781,-0.401524,93.049128,-25.317795,-97.837624
62523,NaN,4.236072,8.952562,-0.452677,-0.023216,0.006967,0.101797,-0.002033,0.005689,-0.008503,0.561004,0.351626,-0.632778,-0.401529,93.049905,-25.315710,-97.837392
62524,NaN,4.214368,8.951040,-0.464662,-0.009024,0.024204,0.091718,0.002195,0.004071,-0.005993,0.560989,0.351643,-0.632791,-0.401516,93.053526,-25.315070,-97.838075
62525,NaN,4.227076,8.973742,-0.441842,-0.033508,0.025106,0.116547,-0.001406,0.005596,-0.006276,0.560982,0.351654,-0.632792,-0.401513,93.054720,-25.314257,-97.837978
62526,NaN,4.213267,8.951587,-0.464110,-0.009997,0.025228,0.091715,-0.002640,0.004007,-0.007057,0.560977,0.351669,-0.632789,-0.401513,93.055484,-25.312831,-97.837290
62527,NaN,4.212829,8.951814,-0.463698,-0.010493,0.025752,0.091713,-0.002385,0.004889,-0.003178,0.560976,0.351666,-0.632796,-0.401505,93.056353,-25.313768,-97.837744
62528,NaN,4.243108,8.966764,-0.469451,-0.008466,0.004501,0.118431,-0.003619,0.003300,-0.003959,0.560975,0.351664,-0.632798,-0.401505,93.056490,-25.313994,-97.838036
62529,NaN,4.212342,8.952094,-0.462719,-0.011421,0.026752,0.091709,-0.004362,0.005252,-0.000657,0.560984,0.351648,-0.632804,-0.401496,93.056165,-25.316385,-97.838345
62530,NaN,4.223700,8.941098,-0.431624,-0.043699,0.015614,0.085142,-0.001776,0.006571,-0.004626,0.560984,0.351649,-0.632807,-0.401492,93.056657,-25.316632,-97.838361
62531,NaN,4.240770,8.933601,-0.459986,-0.017748,-0.005976,0.087039,-0.003990,0.004276,-0.002309,0.560986,0.351637,-0.632814,-0.401489,93.056784,-25.318048,-97.839233
62532,NaN,4.223202,8.941386,-0.430533,-0.044663,0.016677,0.085136,-0.004988,0.005345,-0.002886,0.560991,0.351622,-0.632816,-0.401491,93.055883,-25.319267,-97.839926
62533,NaN,4.232451,8.954501,-0.448172,-0.028023,0.012175,0.101780,-0.005985,0.006414,-0.003463,0.561001,0.351613,-0.632811,-0.401493,93.054272,-25.320088,-97.839405
62534,NaN,4.228561,8.945143,-0.488436,0.012649,0.007262,0.093607,-0.005359,0.006320,-0.001235,0.561016,0.351600,-0.632809,-0.401486,93.052844,-25.322122,-97.838492
62535,NaN,4.226246,8.951287,-0.387258,-0.087249,0.023660,0.093295,-0.004378,0.007027,-0.004334,0.561023,0.351599,-0.632804,-0.401485,93.051976,-25.322463,-97.837554
62536,NaN,4.215957,8.996199,-0.424977,-0.048073,0.047924,0.131250,-0.005375,0.008096,-0.004912,0.561035,0.351599,-0.632793,-0.401486,93.050091,-25.322541,-97.835832
62537,NaN,4.221926,8.942156,-0.427035,-0.047083,0.019287,0.085120,0.001082,0.006998,-0.001039,0.561039,0.351603,-0.632804,-0.401458,93.052406,-25.324767,-97.835023
62538,NaN,4.231365,8.955176,-0.444935,-0.030414,0.014789,0.101769,-0.005358,0.006320,-0.001237,0.561053,0.351586,-0.632804,-0.401454,93.051001,-25.326896,-97.834693
62539,NaN,4.231305,8.955238,-0.444255,-0.030910,0.015314,0.101767,-0.004361,0.005251,-0.000659,0.561062,0.351570,-0.632811,-0.401445,93.050677,-25.329286,-97.835003
62540,NaN,4.231217,8.955305,-0.443747,-0.031328,0.015795,0.101765,-0.002991,0.003206,-0.001733,0.561063,0.351559,-0.632820,-0.401440,93.051136,-25.330813,-97.835997
62541,NaN,4.242717,8.944225,-0.412606,-0.063650,0.004658,0.095187,-0.005966,0.004637,0.000210,0.561074,0.351535,-0.632826,-0.401435,93.050070,-25.333681,-97.836725
62542,NaN,4.240546,8.968419,-0.460905,-0.015065,0.011758,0.118418,-0.003379,0.005958,-0.003758,0.561080,0.351530,-0.632823,-0.401436,93.049201,-25.334058,-97.836382
62543,NaN,4.255940,8.927401,-0.481228,0.003057,-0.021919,0.088959,-0.004376,0.007026,-0.004336,0.561087,0.351529,-0.632818,-0.401434,93.048333,-25.334398,-97.835444
62544,NaN,4.236666,8.901620,-0.443712,-0.031661,-0.011341,0.055642,-0.006354,0.007388,-0.001816,0.561103,0.351512,-0.632814,-0.401434,93.046088,-25.336261,-97.834775
62545,NaN,4.245739,8.914827,-0.461552,-0.015032,-0.015842,0.072301,0.000578,0.005235,-0.008800,0.561087,0.351536,-0.632816,-0.401432,93.048479,-25.333993,-97.834821
62546,NaN,4.266020,8.917062,-0.448783,-0.030221,-0.031973,0.082382,-0.006620,0.008282,-0.009374,0.561090,0.351542,-0.632797,-0.401453,93.045868,-25.331647,-97.833656
62547,NaN,4.226750,8.923292,-0.431231,-0.042446,0.007359,0.070362,-0.004777,0.011553,-0.010040,0.561101,0.351567,-0.632768,-0.401461,93.043462,-25.328862,-97.829661
62548,NaN,4.208420,8.931399,-0.401564,-0.069333,0.030027,0.068418,-0.004640,0.007920,-0.011896,0.561094,0.351584,-0.632749,-0.401486,93.041863,-25.325010,-97.828933
62549,NaN,4.236334,8.913149,-0.399266,-0.075225,-0.003234,0.063774,-0.001040,0.006397,-0.011609,0.561079,0.351614,-0.632740,-0.401495,93.042972,-25.321170,-97.828149
62550,NaN,4.227480,8.934226,-0.388369,-0.085044,0.014437,0.078489,-0.002645,0.005783,-0.010741,0.561065,0.351632,-0.632733,-0.401509,93.043464,-25.318004,-97.828302
62551,NaN,4.189554,8.974109,-0.379280,-0.089449,0.065859,0.097837,-0.002135,0.001175,-0.014249,0.561030,0.351657,-0.632732,-0.401538,93.045321,-25.312495,-97.830735
62552,NaN,4.234800,8.948273,-0.406118,-0.068911,0.010520,0.095147,-0.001884,0.002056,-0.010368,0.560999,0.351661,-0.632742,-0.401562,93.047146,-25.309532,-97.834573
62553,NaN,4.220134,8.984036,-0.485702,0.011364,0.029323,0.124986,0.004069,-0.000801,-0.014253,0.560947,0.351699,-0.632758,-0.401575,93.053092,-25.303960,-97.838256
62554,NaN,4.201664,8.992144,-0.456883,-0.015519,0.051982,0.123028,-0.003489,0.001441,-0.009500,0.560925,0.351704,-0.632762,-0.401598,93.053928,-25.301195,-97.840845
62555,NaN,4.207018,8.938421,-0.459220,-0.014510,0.023299,0.076929,-0.000276,0.002670,-0.011238,0.560897,0.351727,-0.632765,-0.401610,93.056488,-25.297453,-97.842431
62556,NaN,4.207655,8.972467,-0.466919,-0.007253,0.035951,0.108310,-0.000040,0.005328,-0.011035,0.560880,0.351762,-0.632761,-0.401610,93.058822,-25.294066,-97.841547
62557,NaN,4.214705,8.952288,-0.477150,0.001561,0.019357,0.093598,0.000819,0.007892,-0.008601,0.560873,0.351791,-0.632756,-0.401602,93.060635,-25.291993,-97.839918
62558,NaN,4.179221,8.967816,-0.419197,-0.051744,0.064192,0.089663,0.000445,0.008867,-0.006949,0.560868,0.351805,-0.632756,-0.401598,93.061829,-25.291093,-97.839342
62559,NaN,4.216850,8.962483,-0.435511,-0.040538,0.025910,0.101710,0.000572,0.007010,-0.012485,0.560850,0.351843,-0.632747,-0.401603,93.063683,-25.286771,-97.838139
62560,NaN,4.185405,8.948069,-0.428882,-0.043465,0.048157,0.074946,-0.004386,0.008797,-0.008022,0.560857,0.351861,-0.632731,-0.401604,93.062579,-25.285236,-97.835461
62561,NaN,4.236441,8.965085,-0.422236,-0.056293,0.010334,0.111787,-0.000164,0.007184,-0.005503,0.560855,0.351876,-0.632732,-0.401592,93.064066,-25.284914,-97.834385
62562,NaN,4.214769,8.963538,-0.433949,-0.042106,0.027556,0.101699,-0.005852,0.004549,-0.009010,0.560849,0.351883,-0.632722,-0.401608,93.063228,-25.282670,-97.834413
62563,NaN,4.200798,8.941505,-0.456123,-0.018569,0.027618,0.076911,-0.001642,0.004712,-0.010169,0.560832,0.351904,-0.632719,-0.401619,93.064469,-25.279602,-97.834743
62564,NaN,4.230657,8.956722,-0.461761,-0.016596,0.006429,0.103675,-0.003998,0.006046,-0.005997,0.560832,0.351903,-0.632713,-0.401628,93.063481,-25.278845,-97.834700
62565,NaN,4.188022,8.953266,-0.485676,0.012358,0.040271,0.083505,-0.002391,0.006661,-0.006866,0.560830,0.351915,-0.632709,-0.401628,93.063814,-25.277727,-97.833909
62566,NaN,4.210538,8.931301,-0.423956,-0.051786,0.017517,0.070304,-0.003997,0.006046,-0.005998,0.560832,0.351921,-0.632703,-0.401629,93.063352,-25.277103,-97.833093
62567,NaN,4.182886,8.983734,-0.433302,-0.039073,0.063937,0.106292,0.001842,0.003273,-0.000665,0.560824,0.351918,-0.632728,-0.401604,93.067115,-25.279429,-97.834655
62568,NaN,4.194221,8.972710,-0.402501,-0.071341,0.052833,0.099686,-0.003611,0.003295,-0.003970,0.560816,0.351903,-0.632738,-0.401613,93.067361,-25.279941,-97.837166
62569,NaN,4.202031,8.952205,-0.412481,-0.062526,0.036227,0.084987,-0.001898,0.008425,0.000900,0.560834,0.351895,-0.632743,-0.401586,93.067612,-25.283321,-97.835522
62570,NaN,4.234611,8.942976,-0.368940,-0.109555,0.008471,0.088464,-0.008195,0.004106,-0.001161,0.560845,0.351865,-0.632745,-0.401595,93.065235,-25.285447,-97.836801
62571,NaN,4.223108,8.954124,-0.398841,-0.078221,0.020632,0.095062,-0.003975,0.002494,0.001361,0.560848,0.351838,-0.632763,-0.401584,93.065906,-25.288909,-97.838926
62572,NaN,4.257871,8.939043,-0.456060,-0.025876,-0.023125,0.099061,-0.003845,0.000638,-0.004175,0.560832,0.351818,-0.632781,-0.401597,93.066920,-25.289294,-97.843181
62573,NaN,4.218958,8.944972,-0.439106,-0.038045,0.016204,0.086971,-0.003234,0.002321,-0.005623,0.560819,0.351815,-0.632789,-0.401604,93.067960,-25.288754,-97.845178
62574,NaN,4.218442,8.945237,-0.438651,-0.038498,0.016725,0.086968,-0.004230,0.003388,-0.006203,0.560811,0.351810,-0.632791,-0.401617,93.067867,-25.287928,-97.846773
62575,NaN,4.202618,8.947271,-0.509976,0.033977,0.023370,0.085496,-0.000876,0.000988,-0.009796,0.560782,0.351824,-0.632801,-0.401630,93.070558,-25.284959,-97.849472
62576,NaN,4.215151,8.970013,-0.486873,0.009426,0.024433,0.110266,-0.003140,0.008610,-0.003564,0.560790,0.351820,-0.632800,-0.401624,93.070076,-25.286059,-97.848784
62577,NaN,4.205232,8.957240,-0.467712,-0.008161,0.029974,0.093569,-0.007594,0.007564,-0.006291,0.560801,0.351817,-0.632784,-0.401637,93.067192,-25.285298,-97.847441
62578,NaN,4.201192,8.948050,-0.508059,0.032492,0.024970,0.085497,-0.001767,0.006568,-0.004637,0.560805,0.351830,-0.632781,-0.401624,93.067878,-25.285386,-97.845637
62579,NaN,4.204472,8.957675,-0.466205,-0.009144,0.031008,0.093565,-0.008344,0.009512,-0.002988,0.560830,0.351818,-0.632763,-0.401627,93.064085,-25.286574,-97.843173
62580,NaN,4.196233,8.978446,-0.454616,-0.018931,0.048694,0.108240,-0.007968,0.008537,-0.004641,0.560847,0.351807,-0.632748,-0.401637,93.060647,-25.286902,-97.841838
62581,NaN,4.224929,8.959933,-0.451798,-0.024860,0.015433,0.103647,-0.007347,0.008444,-0.002409,0.560867,0.351795,-0.632737,-0.401637,93.057722,-25.288389,-97.840069
62582,NaN,4.213178,8.971242,-0.481280,0.006463,0.027619,0.110260,-0.009573,0.007921,-0.003774,0.560886,0.351775,-0.632723,-0.401651,93.053756,-25.289288,-97.839257
62583,NaN,4.216567,8.980806,-0.439198,-0.035175,0.033669,0.118317,-0.005120,0.008967,-0.001046,0.560907,0.351766,-0.632717,-0.401639,93.051985,-25.291571,-97.837203
62584,NaN,4.207013,8.967840,-0.420100,-0.052706,0.039184,0.101610,-0.004124,0.007900,-0.000466,0.560927,0.351757,-0.632713,-0.401624,93.050742,-25.294043,-97.835281
62585,NaN,4.237648,8.982736,-0.425299,-0.050866,0.018058,0.128397,-0.007102,0.009324,0.001473,0.560958,0.351735,-0.632707,-0.401611,93.047775,-25.297777,-97.833086
62586,NaN,4.215097,8.947296,-0.428704,-0.044386,0.023114,0.086930,-0.007956,0.006760,-0.000964,0.560976,0.351709,-0.632703,-0.401613,93.045002,-25.300205,-97.832884
62587,NaN,4.197627,8.954882,-0.398990,-0.071273,0.045806,0.084888,-0.005729,0.007283,0.000401,0.560996,0.351690,-0.632703,-0.401602,93.043358,-25.303264,-97.831944
62588,NaN,4.244128,8.928651,-0.425321,-0.050755,-0.009655,0.082345,-0.003127,0.006832,0.000114,0.561012,0.351679,-0.632706,-0.401585,93.042904,-25.306015,-97.830821
62589,NaN,4.205702,8.934316,-0.408156,-0.062889,0.029671,0.070211,-0.004734,0.006216,0.000981,0.561028,0.351659,-0.632712,-0.401571,93.042128,-25.309374,-97.830576
62590,NaN,4.223158,8.926816,-0.436305,-0.036921,0.007975,0.072253,-0.003745,0.006926,-0.002119,0.561042,0.351657,-0.632707,-0.401561,93.041172,-25.310746,-97.828841
62591,NaN,4.222810,8.927005,-0.435811,-0.037416,0.008498,0.072251,-0.001386,0.005595,-0.006290,0.561036,0.351668,-0.632708,-0.401558,93.042377,-25.309925,-97.828744
62592,NaN,4.222523,8.927164,-0.435326,-0.037880,0.009028,0.072248,-0.004357,0.005242,-0.000672,0.561045,0.351649,-0.632715,-0.401551,93.041862,-25.312364,-97.829300
62593,NaN,4.222334,8.927280,-0.434791,-0.038375,0.009551,0.072246,-0.003604,0.003295,-0.003976,0.561040,0.351642,-0.632723,-0.401553,93.042452,-25.312797,-97.830737
62594,NaN,4.231528,8.940486,-0.452725,-0.021750,0.005028,0.088958,-0.000766,0.005502,-0.004058,0.561040,0.351651,-0.632726,-0.401540,93.043752,-25.313096,-97.829934
62595,NaN,4.210107,8.938822,-0.464610,-0.007487,0.022178,0.078868,-0.002992,0.004978,-0.005424,0.561036,0.351653,-0.632727,-0.401541,93.044216,-25.312752,-97.830256
62596,NaN,4.221145,8.927909,-0.433418,-0.039786,0.011066,0.072239,-0.005593,0.005429,-0.005139,0.561042,0.351653,-0.632719,-0.401545,93.042871,-25.312477,-97.829356
62597,NaN,4.201315,8.959833,-0.453007,-0.017761,0.040364,0.093519,-0.000766,0.005501,-0.004058,0.561039,0.351658,-0.632726,-0.401534,93.044488,-25.312930,-97.829393
62598,NaN,4.233439,8.950746,-0.409817,-0.064825,0.012632,0.096977,-0.001996,0.003911,-0.004844,0.561034,0.351664,-0.632730,-0.401529,93.045634,-25.312788,-97.829440
62599,NaN,4.229576,8.941522,-0.450512,-0.024175,0.007604,0.088951,-0.002373,0.004884,-0.003192,0.561034,0.351661,-0.632737,-0.401522,93.046510,-25.313718,-97.829897
62600,NaN,4.229394,8.941643,-0.449817,-0.024647,0.008130,0.088949,-0.006111,0.010031,-0.001632,0.561059,0.351652,-0.632724,-0.401513,93.043719,-25.315726,-97.827162
62601,NaN,4.210010,8.915749,-0.412647,-0.059278,0.018676,0.055503,-0.000623,0.001871,-0.005915,0.561040,0.351656,-0.632739,-0.401514,93.046373,-25.315007,-97.829434
62602,NaN,4.241718,8.964466,-0.426151,-0.049685,0.009731,0.113684,-0.003367,0.005951,-0.003774,0.561044,0.351652,-0.632740,-0.401511,93.046175,-25.315683,-97.829410
62603,NaN,4.209283,8.916134,-0.411754,-0.060233,0.019727,0.055495,-0.003367,0.005951,-0.003774,0.561047,0.351650,-0.632741,-0.401507,93.046184,-25.316312,-97.829172
62604,NaN,4.239385,8.931285,-0.417253,-0.058411,-0.001364,0.082308,-0.002377,0.006662,-0.006875,0.561044,0.351658,-0.632738,-0.401509,93.046408,-25.315273,-97.828801
62605,NaN,4.225743,8.909152,-0.439658,-0.034824,-0.001396,0.057570,0.000225,0.006212,-0.007160,0.561035,0.351678,-0.632739,-0.401502,93.048356,-25.313973,-97.828283
62606,NaN,4.226612,8.943095,-0.447079,-0.027583,0.011294,0.088939,-0.002993,0.006755,-0.009109,0.561032,0.351701,-0.632727,-0.401505,93.048375,-25.311587,-97.826401
62607,NaN,4.224189,8.909934,-0.438746,-0.035827,-0.000347,0.057567,-0.002615,0.005782,-0.010762,0.561019,0.351723,-0.632718,-0.401518,93.048760,-25.308213,-97.826034
62608,NaN,4.228291,8.953381,-0.405368,-0.069668,0.017863,0.096936,0.003349,0.001160,-0.010954,0.560987,0.351761,-0.632726,-0.401517,93.053421,-25.304351,-97.827027
62609,NaN,4.202792,8.942574,-0.458605,-0.014243,0.029428,0.078841,-0.003844,0.004191,-0.011549,0.560970,0.351778,-0.632718,-0.401539,93.053521,-25.300478,-97.827640
62610,NaN,4.213437,8.931826,-0.427675,-0.046534,0.018352,0.072198,-0.000008,0.003555,-0.007366,0.560952,0.351789,-0.632726,-0.401541,93.055824,-25.299026,-97.829139
62611,NaN,4.235192,8.967699,-0.423010,-0.054061,0.014436,0.113656,-0.000012,0.005332,-0.011049,0.560933,0.351818,-0.632723,-0.401547,93.057818,-25.295474,-97.829046
62612,NaN,4.221189,8.945730,-0.445609,-0.030446,0.014389,0.088926,-0.000246,0.002675,-0.011253,0.560907,0.351844,-0.632725,-0.401559,93.060255,-25.291723,-97.830272
62613,NaN,4.200859,8.977852,-0.465442,-0.008422,0.043693,0.110200,-0.001996,0.005687,-0.008531,0.560897,0.351860,-0.632721,-0.401564,93.061052,-25.289623,-97.830040
62614,NaN,4.198542,8.944639,-0.457268,-0.016664,0.032052,0.078829,-0.000389,0.006305,-0.009398,0.560887,0.351888,-0.632715,-0.401562,93.062634,-25.287093,-97.828785
62615,NaN,4.207201,8.958118,-0.475180,-0.000104,0.027568,0.095564,-0.002612,0.005780,-0.010767,0.560874,0.351910,-0.632706,-0.401575,93.063022,-25.283717,-97.828418
62616,NaN,4.211357,9.001527,-0.441590,-0.034003,0.045861,0.134913,0.000607,0.005238,-0.008816,0.560859,0.351933,-0.632708,-0.401573,93.065383,-25.281485,-97.828412
62617,NaN,4.205735,8.958845,-0.474457,-0.001087,0.028622,0.095561,-0.005823,0.002766,-0.005351,0.560853,0.351923,-0.632710,-0.401586,93.064823,-25.281115,-97.830136
62618,NaN,4.216679,8.947972,-0.443294,-0.033378,0.017571,0.088912,-0.002373,0.006659,-0.006880,0.560847,0.351926,-0.632710,-0.401594,93.064942,-25.280141,-97.830758
62619,NaN,4.179091,8.987445,-0.434243,-0.037718,0.069070,0.108066,-0.001613,0.002936,-0.006502,0.560832,0.351931,-0.632718,-0.401597,93.066732,-25.279118,-97.832335
62620,NaN,4.207727,8.968990,-0.432218,-0.043574,0.035752,0.103530,-0.000382,0.002750,-0.002032,0.560824,0.351923,-0.632734,-0.401589,93.068597,-25.280411,-97.834261
62621,NaN,4.198036,8.956022,-0.413646,-0.061117,0.041283,0.086782,-0.002984,0.003198,-0.001748,0.560822,0.351910,-0.632748,-0.401583,93.069599,-25.282116,-97.835834
62622,NaN,4.213571,8.972783,-0.491121,0.013660,0.026183,0.112298,0.000000,0.000000,0.000000,0.560825,0.351913,-0.632744,-0.401581,93.069408,-25.282048,-97.835100
62623,NaN,4.207351,8.969197,-0.431577,-0.044537,0.036786,0.103522,-0.002604,0.002225,-0.003401,0.560816,0.351905,-0.632758,-0.401579,93.070866,-25.282777,-97.837233
62624,NaN,4.195840,8.980391,-0.461722,-0.013170,0.048893,0.110171,-0.005583,0.001868,0.002220,0.560824,0.351870,-0.632775,-0.401572,93.070616,-25.286677,-97.839450
62625,NaN,4.232898,8.941208,-0.470095,-0.009826,-0.001563,0.091025,0.000613,0.001684,-0.001449,0.560811,0.351864,-0.632800,-0.401556,93.074093,-25.288506,-97.841991
62626,NaN,4.224886,8.961774,-0.459176,-0.019642,0.016147,0.105641,-0.007572,0.004000,0.001054,0.560829,0.351838,-0.632803,-0.401549,93.072312,-25.291792,-97.841916
62627,NaN,4.232995,8.941219,-0.469023,-0.010823,-0.000524,0.091024,-0.002134,0.005761,0.000691,0.560838,0.351825,-0.632815,-0.401528,93.073144,-25.294971,-97.841949
62628,NaN,4.233113,8.941195,-0.468417,-0.011343,0.000027,0.091023,-0.004501,0.008866,0.001178,0.560864,0.351812,-0.632814,-0.401505,93.071960,-25.298660,-97.839673
62629,NaN,4.233183,8.941200,-0.467677,-0.011839,0.000551,0.091023,-0.004122,0.007893,-0.000475,0.560881,0.351801,-0.632814,-0.401490,93.071060,-25.301237,-97.838318
62630,NaN,4.226832,8.937676,-0.407643,-0.070535,0.011708,0.082222,-0.003978,0.006041,-0.006016,0.560881,0.351804,-0.632810,-0.401494,93.070733,-25.300698,-97.838044
62631,NaN,4.205640,8.935908,-0.419069,-0.056233,0.028823,0.072123,-0.008097,0.010378,0.000877,0.560916,0.351783,-0.632798,-0.401483,93.066902,-25.304125,-97.835162
62632,NaN,4.213496,8.915489,-0.428616,-0.047433,0.012188,0.057510,-0.005585,0.005423,-0.005151,0.560917,0.351775,-0.632796,-0.401491,93.065938,-25.304172,-97.835773
62633,NaN,4.235506,8.951263,-0.423484,-0.055006,0.008324,0.098965,-0.002369,0.006660,-0.006883,0.560915,0.351787,-0.632792,-0.401491,93.066282,-25.303045,-97.834981
62634,NaN,4.225502,8.938448,-0.404485,-0.072555,0.013847,0.082204,-0.006957,0.007461,-0.004082,0.560933,0.351787,-0.632777,-0.401489,93.063928,-25.303518,-97.832349
62635,NaN,4.239164,8.921876,-0.473443,-0.005547,-0.013452,0.076414,-0.005963,0.008173,-0.007184,0.560941,0.351793,-0.632761,-0.401498,93.061800,-25.302264,-97.830589
62636,NaN,4.203402,8.937141,-0.415191,-0.058712,0.031475,0.072101,-0.003596,0.005069,-0.007671,0.560935,0.351801,-0.632755,-0.401507,93.061648,-25.300625,-97.830537
62637,NaN,4.212457,8.950467,-0.432928,-0.042173,0.026999,0.088857,-0.003361,0.005947,-0.003782,0.560938,0.351800,-0.632756,-0.401503,93.061662,-25.301250,-97.830301
62638,NaN,4.200500,8.961904,-0.462919,-0.010830,0.039117,0.095520,-0.004588,0.006134,-0.008255,0.560936,0.351809,-0.632746,-0.401514,93.060849,-25.299391,-97.829642
62639,NaN,4.232197,8.953027,-0.419257,-0.057966,0.011478,0.098945,-0.005582,0.007200,-0.008839,0.560937,0.351819,-0.632731,-0.401528,93.059178,-25.297161,-97.828442
62640,NaN,4.223645,8.973837,-0.408039,-0.067738,0.029173,0.113539,-0.003126,0.008603,-0.003579,0.560953,0.351829,-0.632720,-0.401514,93.058312,-25.297797,-97.825290
62641,NaN,4.222977,8.974176,-0.407502,-0.068234,0.029700,0.113535,-0.004060,0.001533,-0.011766,0.560927,0.351842,-0.632718,-0.401542,93.059003,-25.293719,-97.827576
62642,NaN,4.201208,8.972657,-0.419311,-0.053938,0.046814,0.103433,-0.003973,0.006040,-0.006020,0.560930,0.351850,-0.632711,-0.401541,93.058711,-25.293110,-97.826397
62643,NaN,4.229677,8.954326,-0.416924,-0.059924,0.013550,0.098931,-0.002365,0.006659,-0.006886,0.560928,0.351862,-0.632707,-0.401541,93.059058,-25.291981,-97.825605
62644,NaN,4.216003,8.932257,-0.439206,-0.036307,0.013468,0.074239,-0.004205,0.005162,-0.009911,0.560917,0.351874,-0.632699,-0.401558,93.058832,-25.289226,-97.825863
62645,NaN,4.210598,8.962526,-0.387049,-0.087275,0.036843,0.096744,-0.003592,0.005068,-0.007674,0.560910,0.351882,-0.632695,-0.401566,93.058896,-25.287597,-97.826052
62646,NaN,4.216127,8.966562,-0.446016,-0.029540,0.026727,0.105594,-0.001604,0.002937,-0.006507,0.560894,0.351883,-0.632704,-0.401574,93.060359,-25.286578,-97.828151
62647,NaN,4.204437,8.920182,-0.419823,-0.054763,0.020031,0.057459,0.001612,0.004176,-0.008237,0.560874,0.351906,-0.632712,-0.401569,93.063637,-25.284600,-97.828884
62648,NaN,4.193741,8.965314,-0.458148,-0.015707,0.044367,0.095491,0.000385,0.002585,-0.009025,0.560848,0.351921,-0.632723,-0.401576,93.066586,-25.282234,-97.831084
62649,NaN,4.201172,8.945102,-0.468242,-0.006884,0.027672,0.080903,-0.005580,0.005419,-0.005158,0.560851,0.351916,-0.632718,-0.401583,93.065451,-25.282056,-97.831135
62650,NaN,4.211845,8.991995,-0.493755,0.017311,0.035462,0.129035,-0.002599,0.002224,-0.003406,0.560841,0.351906,-0.632734,-0.401580,93.067149,-25.282997,-97.833433
62651,NaN,4.221484,8.947386,-0.454940,-0.022723,0.012191,0.090996,-0.003359,0.005945,-0.003786,0.560844,0.351904,-0.632735,-0.401576,93.067164,-25.283620,-97.833197
62652,NaN,4.201625,8.979277,-0.474489,-0.000684,0.041481,0.112256,-0.002744,0.007630,-0.005235,0.560854,0.351920,-0.632725,-0.401565,93.066921,-25.283327,-97.830419
62653,NaN,4.201228,8.979496,-0.473863,-0.001180,0.042005,0.112253,-0.004352,0.007010,-0.004371,0.560861,0.351919,-0.632720,-0.401564,93.066071,-25.283648,-97.829490
62654,NaN,4.221832,8.981622,-0.460962,-0.016479,0.025935,0.122349,-0.001750,0.006565,-0.004652,0.560866,0.351934,-0.632716,-0.401550,93.066685,-25.283644,-97.827398
62655,NaN,4.202580,8.955542,-0.423890,-0.051005,0.036450,0.088785,-0.002894,0.009479,0.000307,0.560888,0.351927,-0.632715,-0.401526,93.066071,-25.286717,-97.825065
62656,NaN,4.220153,8.948169,-0.451880,-0.025173,0.014786,0.090987,-0.006340,0.007361,-0.001854,0.560904,0.351911,-0.632712,-0.401524,93.064093,-25.288665,-97.824416
62657,NaN,4.220005,8.948281,-0.451048,-0.025669,0.015310,0.090985,-0.006574,0.004705,-0.002059,0.560912,0.351892,-0.632713,-0.401527,93.062627,-25.290238,-97.825024
62658,NaN,4.210408,8.935244,-0.432067,-0.043136,0.020830,0.074199,-0.002894,0.009479,0.000307,0.560932,0.351880,-0.632714,-0.401509,93.061765,-25.293350,-97.823474
62659,NaN,4.221933,8.924055,-0.400743,-0.075469,0.009788,0.067509,-0.004501,0.008859,0.001171,0.560956,0.351865,-0.632713,-0.401489,93.060409,-25.296898,-97.821562
62660,NaN,4.232991,8.970784,-0.426122,-0.051209,0.017566,0.115647,-0.002745,0.005851,-0.001551,0.560959,0.351847,-0.632723,-0.401485,93.060496,-25.298887,-97.822929
62661,NaN,4.208884,8.901738,-0.422447,-0.052255,0.010173,0.042833,-0.003971,0.004260,-0.002339,0.560961,0.351835,-0.632730,-0.401482,93.060637,-25.300286,-97.823809
62662,NaN,4.223268,8.957816,-0.406809,-0.069162,0.023577,0.098852,-0.003742,0.005137,0.001551,0.560977,0.351819,-0.632737,-0.401462,93.060393,-25.303781,-97.823218
62663,NaN,4.240697,8.950512,-0.435105,-0.043332,0.001875,0.101071,-0.001365,0.005594,-0.006306,0.560970,0.351830,-0.632739,-0.401459,93.061609,-25.302952,-97.823120
62664,NaN,4.230776,8.937603,-0.416485,-0.060816,0.007399,0.084278,-0.001136,0.006471,-0.002415,0.560974,0.351830,-0.632745,-0.401444,93.062665,-25.304419,-97.822664
62665,NaN,4.230435,8.937778,-0.416185,-0.061312,0.007924,0.084275,-0.000372,0.004529,-0.005721,0.560964,0.351839,-0.632753,-0.401438,93.064747,-25.303891,-97.823259
62666,NaN,4.197680,8.947228,-0.458832,-0.015138,0.036588,0.080865,-0.002362,0.004880,-0.003205,0.560962,0.351834,-0.632762,-0.401431,93.065678,-25.304969,-97.824075
62667,NaN,4.219846,8.982923,-0.453741,-0.022786,0.032807,0.122316,-0.003355,0.005944,-0.003790,0.560965,0.351832,-0.632763,-0.401427,93.065696,-25.305589,-97.823840
62668,NaN,4.208548,8.936355,-0.427197,-0.047941,0.026071,0.074164,-0.003970,0.004259,-0.002341,0.560969,0.351822,-0.632768,-0.401423,93.065674,-25.306974,-97.824348
62669,NaN,4.248378,8.964628,-0.450789,-0.029273,0.000062,0.117853,-0.003354,0.005944,-0.003790,0.560972,0.351820,-0.632769,-0.401418,93.065692,-25.307595,-97.824113
62670,NaN,4.204591,8.927373,-0.467207,-0.007736,0.021407,0.066297,-0.002738,0.007629,-0.005240,0.560979,0.351831,-0.632761,-0.401411,93.065334,-25.307321,-97.821933
62671,NaN,4.234793,8.942592,-0.472346,-0.006072,0.000391,0.093194,-0.007563,0.005768,-0.002649,0.560992,0.351814,-0.632756,-0.401417,93.063005,-25.308589,-97.821848
62672,NaN,4.208744,8.970693,-0.432484,-0.042130,0.040349,0.105502,-0.000137,0.007185,-0.005519,0.560992,0.351829,-0.632753,-0.401407,93.063979,-25.308062,-97.820378
62673,NaN,4.216570,8.950326,-0.442521,-0.033305,0.023629,0.090946,-0.004352,0.005230,-0.000689,0.561001,0.351813,-0.632760,-0.401398,93.063663,-25.310435,-97.820700
62674,NaN,4.237407,8.952342,-0.429466,-0.048676,0.007672,0.101043,-0.004728,0.007980,-0.002724,0.561012,0.351802,-0.632759,-0.401394,93.062622,-25.312056,-97.820231
62675,NaN,4.216201,8.950568,-0.441135,-0.034328,0.024740,0.090939,-0.003119,0.008600,-0.003588,0.561023,0.351806,-0.632754,-0.401383,93.062059,-25.312873,-97.818322
62676,NaN,4.216016,8.950689,-0.440442,-0.034815,0.025290,0.090936,-0.005343,0.006294,-0.001276,0.561034,0.351785,-0.632757,-0.401381,93.060844,-25.315093,-97.818765
62677,NaN,4.236773,8.952740,-0.427421,-0.050157,0.009274,0.101035,-0.003352,0.005944,-0.003792,0.561037,0.351784,-0.632758,-0.401377,93.060864,-25.315712,-97.818530
62678,NaN,4.217242,8.926734,-0.390319,-0.084562,0.019737,0.067420,-0.003727,0.008694,-0.005828,0.561048,0.351793,-0.632744,-0.401376,93.059384,-25.315068,-97.816091
62679,NaN,4.223114,8.930739,-0.449158,-0.026906,0.009568,0.076383,-0.002593,0.002223,-0.003411,0.561038,0.351785,-0.632757,-0.401375,93.060851,-25.315792,-97.818224
62680,NaN,4.226097,8.940224,-0.407650,-0.068515,0.015789,0.084218,-0.003585,0.003288,-0.003997,0.561033,0.351775,-0.632765,-0.401380,93.061146,-25.316195,-97.819936
62681,NaN,4.222558,8.931055,-0.448098,-0.027850,0.010606,0.076380,-0.006335,0.007358,-0.001863,0.561050,0.351761,-0.632759,-0.401377,93.059101,-25.317961,-97.818871
62682,NaN,4.222222,8.931245,-0.447481,-0.028247,0.011077,0.076378,-0.001359,0.005594,-0.006310,0.561045,0.351771,-0.632757,-0.401378,93.059650,-25.316911,-97.818611
62683,NaN,4.223112,8.965164,-0.454721,-0.021076,0.023869,0.107726,-0.003343,0.007723,-0.007482,0.561046,0.351784,-0.632747,-0.401380,93.059139,-25.315473,-97.817125
62684,NaN,4.221026,8.931863,-0.446432,-0.029249,0.012131,0.076374,-0.002350,0.006658,-0.006896,0.561046,0.351801,-0.632740,-0.401376,93.059571,-25.314374,-97.815509
62685,NaN,4.183471,8.971154,-0.437233,-0.033530,0.063704,0.095341,-0.004959,0.005322,-0.002931,0.561052,0.351791,-0.632742,-0.401375,93.058851,-25.315467,-97.815697
62686,NaN,4.212165,8.952779,-0.434779,-0.039516,0.030433,0.090904,-0.002967,0.004973,-0.005448,0.561048,0.351790,-0.632743,-0.401379,93.059045,-25.315111,-97.816321
62687,NaN,4.211677,8.953031,-0.434317,-0.040011,0.030957,0.090901,-0.001124,0.008250,-0.006107,0.561050,0.351806,-0.632738,-0.401370,93.059683,-25.314476,-97.814548
62688,NaN,4.238533,8.958999,-0.480525,0.002881,0.004200,0.109998,-0.008550,0.006829,-0.003243,0.561066,0.351785,-0.632726,-0.401386,93.055794,-25.315267,-97.814206
62689,NaN,4.191435,8.985146,-0.453042,-0.018377,0.060766,0.112139,-0.000365,0.004530,-0.005725,0.561055,0.351795,-0.632733,-0.401380,93.057879,-25.314737,-97.814801
62690,NaN,4.210672,8.953588,-0.432579,-0.041329,0.032480,0.090890,-0.003358,0.004163,-0.000107,0.561058,0.351770,-0.632747,-0.401375,93.058020,-25.317414,-97.816765
62691,NaN,4.189673,8.951704,-0.444487,-0.026961,0.049529,0.080783,-0.002741,0.005849,-0.001556,0.561064,0.351763,-0.632754,-0.401363,93.058446,-25.319309,-97.816666
62692,NaN,4.232918,8.989265,-0.426929,-0.049466,0.029288,0.132334,-0.002741,0.005849,-0.001557,0.561067,0.351746,-0.632763,-0.401359,93.058500,-25.321259,-97.817900
62693,NaN,4.218510,8.933297,-0.441490,-0.033434,0.016788,0.076354,-0.005341,0.006291,-0.001281,0.561080,0.351731,-0.632764,-0.401353,93.057321,-25.323326,-97.817530
62694,NaN,4.227998,8.946503,-0.458969,-0.016912,0.012305,0.093174,-0.005341,0.006291,-0.001281,0.561095,0.351717,-0.632762,-0.401348,93.055858,-25.325314,-97.816846
62695,NaN,4.239220,8.935407,-0.427679,-0.049250,0.001295,0.086453,-0.001889,0.010190,-0.002803,0.561111,0.351725,-0.632756,-0.401328,93.055579,-25.326629,-97.813957
62696,NaN,4.209983,8.954090,-0.428880,-0.044167,0.035575,0.090868,-0.006565,0.004700,-0.002072,0.561124,0.351714,-0.632752,-0.401326,93.053891,-25.328023,-97.813131
62697,NaN,4.217839,8.933748,-0.438764,-0.035341,0.018828,0.076343,-0.003581,0.003287,-0.004001,0.561119,0.351706,-0.632759,-0.401328,93.054494,-25.328442,-97.814570
62698,NaN,4.225675,8.913418,-0.448662,-0.026479,0.002066,0.061822,-0.004722,0.007977,-0.002732,0.561134,0.351702,-0.632752,-0.401322,93.052951,-25.329690,-97.812785
62699,NaN,4.243031,8.906252,-0.476768,-0.000682,-0.019672,0.064132,-0.002963,0.004973,-0.005451,0.561130,0.351705,-0.632754,-0.401322,93.053431,-25.329331,-97.813109
62700,NaN,4.229584,8.956762,-0.414153,-0.061047,0.021194,0.100955,-0.002962,0.004973,-0.005451,0.561128,0.351711,-0.632756,-0.401317,93.054348,-25.329196,-97.812954
62701,NaN,4.216323,8.934578,-0.436419,-0.037348,0.020957,0.076332,-0.005328,0.008070,-0.004973,0.561139,0.351711,-0.632745,-0.401319,93.052642,-25.329205,-97.811333
62702,NaN,4.236712,8.936813,-0.423145,-0.052667,0.004948,0.086434,-0.007159,0.006573,-0.008004,0.561143,0.351713,-0.632727,-0.401338,93.049911,-25.327358,-97.810390
62703,NaN,4.215025,8.935263,-0.434946,-0.038287,0.021985,0.076326,-0.000350,0.006310,-0.009416,0.561131,0.351738,-0.632724,-0.401340,93.051469,-25.324771,-97.809733
62704,NaN,4.235107,8.937617,-0.422217,-0.053621,0.006002,0.086428,-0.001574,0.004719,-0.010208,0.561113,0.351754,-0.632722,-0.401354,93.052507,-25.321735,-97.810728
62705,NaN,4.197191,8.977021,-0.412991,-0.057882,0.057599,0.105338,-0.007776,0.004886,-0.006557,0.561115,0.351746,-0.632712,-0.401373,93.050237,-25.320741,-97.811069
62706,NaN,4.204801,8.956813,-0.422811,-0.048990,0.040830,0.090825,-0.002961,0.004972,-0.005453,0.561110,0.351743,-0.632714,-0.401379,93.050297,-25.320356,-97.811964
62707,NaN,4.233220,8.938595,-0.420441,-0.055044,0.007564,0.086419,-0.003182,0.004097,-0.009347,0.561096,0.351756,-0.632711,-0.401393,93.050833,-25.317741,-97.812711
62708,NaN,4.203475,8.957480,-0.421858,-0.049981,0.041905,0.090815,-0.004184,0.003380,-0.006245,0.561086,0.351750,-0.632715,-0.401405,93.051068,-25.317019,-97.814602
62709,NaN,4.212609,8.970859,-0.439576,-0.033516,0.037447,0.107650,-0.003578,0.003286,-0.004004,0.561080,0.351743,-0.632723,-0.401406,93.051673,-25.317436,-97.816042
62710,NaN,4.191385,8.969083,-0.451428,-0.019053,0.054431,0.097540,-0.004954,0.005319,-0.002939,0.561088,0.351734,-0.632720,-0.401408,93.050440,-25.318327,-97.815807
62711,NaN,4.191058,8.969257,-0.451005,-0.019547,0.054956,0.097536,0.000864,0.006122,-0.004936,0.561082,0.351748,-0.632728,-0.401393,93.052810,-25.318297,-97.815420
62712,NaN,4.240790,8.952823,-0.435945,-0.040505,0.005192,0.103246,-0.011762,0.005579,-0.001530,0.561107,0.351719,-0.632714,-0.401404,93.048220,-25.320222,-97.814613
62713,NaN,4.201839,8.958387,-0.418894,-0.052393,0.044490,0.090791,-0.000359,0.004531,-0.005728,0.561096,0.351729,-0.632722,-0.401399,93.050307,-25.319691,-97.815207
62714,NaN,4.230705,8.939978,-0.416340,-0.058445,0.011243,0.086396,-0.008323,0.007698,0.000640,0.561121,0.351700,-0.632717,-0.401396,93.047029,-25.323015,-97.814411
62715,NaN,4.219222,8.951300,-0.446004,-0.027097,0.023286,0.093132,-0.007167,0.004790,-0.004320,0.561127,0.351686,-0.632713,-0.401407,93.045167,-25.323297,-97.814889
62716,NaN,4.247940,8.932977,-0.443206,-0.033115,-0.009995,0.088742,-0.006933,0.007446,-0.004116,0.561141,0.351678,-0.632701,-0.401414,93.042421,-25.323731,-97.813554
62717,NaN,4.200771,8.959044,-0.415529,-0.054317,0.046595,0.090771,-0.005324,0.008068,-0.004978,0.561152,0.351679,-0.632690,-0.401415,93.040717,-25.323736,-97.811934
62718,NaN,4.237648,8.920244,-0.423199,-0.051036,-0.003942,0.071891,-0.008542,0.006822,-0.003256,0.561166,0.351655,-0.632682,-0.401429,93.037401,-25.324845,-97.812240
62719,NaN,4.233931,8.911283,-0.463458,-0.010365,-0.009201,0.064142,-0.005775,0.004538,-0.009078,0.561158,0.351660,-0.632673,-0.401450,93.036336,-25.322397,-97.812716
62720,NaN,4.228310,8.941360,-0.410953,-0.061328,0.014416,0.086375,-0.007536,0.007539,-0.006360,0.561167,0.351654,-0.632658,-0.401466,93.033363,-25.321671,-97.811836
62721,NaN,4.226223,8.908062,-0.402703,-0.069450,0.002621,0.055031,0.000648,0.005249,-0.008831,0.561151,0.351678,-0.632660,-0.401464,93.035789,-25.319386,-97.811871
62722,NaN,4.196272,8.927017,-0.404233,-0.064328,0.036924,0.059406,-0.003545,0.006847,-0.011390,0.561143,0.351701,-0.632643,-0.401481,93.035075,-25.315647,-97.810664
62723,NaN,4.225948,8.942546,-0.409420,-0.062774,0.015979,0.086363,-0.003560,0.005066,-0.007699,0.561136,0.351709,-0.632640,-0.401490,93.035156,-25.314005,-97.810853
62724,NaN,4.204211,8.941001,-0.421478,-0.048311,0.032988,0.076251,0.000045,0.005344,-0.011075,0.561115,0.351732,-0.632638,-0.401502,93.036802,-25.310452,-97.811659
62725,NaN,4.212952,8.954573,-0.439540,-0.031861,0.028533,0.093104,0.001640,0.004186,-0.008244,0.561095,0.351754,-0.632646,-0.401498,93.040092,-25.308471,-97.812387
62726,NaN,4.204179,8.975333,-0.428816,-0.041681,0.046344,0.107581,-0.003188,0.002315,-0.005662,0.561088,0.351761,-0.632649,-0.401497,93.041156,-25.307810,-97.812719
62727,NaN,4.211709,8.955165,-0.439379,-0.032854,0.029564,0.093098,0.006839,0.003306,-0.008789,0.561055,0.351798,-0.632669,-0.401479,93.047655,-25.305490,-97.813985
62728,NaN,4.202908,8.975920,-0.428988,-0.042616,0.047383,0.107572,-0.000355,0.004531,-0.005731,0.561044,0.351804,-0.632677,-0.401477,93.049385,-25.304926,-97.814993
62729,NaN,4.181635,8.974142,-0.441176,-0.028206,0.064391,0.097459,-0.001361,0.003813,-0.002628,0.561039,0.351800,-0.632690,-0.401467,93.051137,-25.306146,-97.816146
62730,NaN,4.208801,8.980109,-0.487914,0.014572,0.037625,0.116703,0.000619,0.001687,-0.001450,0.561027,0.351790,-0.632714,-0.401455,93.054141,-25.307887,-97.818908
62731,NaN,4.220024,8.968954,-0.457147,-0.017770,0.026646,0.109948,-0.001980,0.002126,-0.001178,0.561020,0.351776,-0.632733,-0.401446,93.056016,-25.309885,-97.821177
62732,NaN,4.208713,8.980174,-0.487489,0.013556,0.038686,0.116701,-0.001144,0.004687,0.001268,0.561028,0.351766,-0.632749,-0.401418,93.057873,-25.313416,-97.821233
62733,NaN,4.208826,8.980141,-0.487122,0.013060,0.039210,0.116699,-0.002134,0.005750,0.000679,0.561037,0.351753,-0.632761,-0.401398,93.058705,-25.316588,-97.821272
62734,NaN,4.218813,8.935272,-0.448519,-0.026903,0.015898,0.078605,0.000465,0.005310,0.000407,0.561043,0.351752,-0.632777,-0.401366,93.061196,-25.319596,-97.820718
62735,NaN,4.210828,8.955667,-0.437600,-0.036721,0.033736,0.093071,-0.004130,0.006095,0.003193,0.561062,0.351727,-0.632788,-0.401344,93.060829,-25.324216,-97.820624
62736,NaN,4.219288,8.935103,-0.447422,-0.027877,0.016954,0.078601,-0.005120,0.007158,0.002604,0.561084,0.351699,-0.632794,-0.401327,93.059501,-25.328599,-97.820160
62737,NaN,4.248710,8.916479,-0.444614,-0.033962,-0.016314,0.074243,-0.008339,0.005911,0.004324,0.561112,0.351658,-0.632800,-0.401316,93.056789,-25.333861,-97.820221
62738,NaN,4.231032,8.923765,-0.415087,-0.060604,0.006486,0.071836,-0.004949,0.005316,-0.002946,0.561113,0.351634,-0.632804,-0.401328,93.055369,-25.334924,-97.822292
62739,NaN,4.230815,8.923895,-0.414487,-0.061099,0.007011,0.071832,-0.003959,0.004252,-0.002357,0.561115,0.351622,-0.632811,-0.401325,93.055518,-25.336313,-97.823176
62740,NaN,4.217788,8.901648,-0.436895,-0.037324,0.006684,0.047257,-0.004561,0.004347,-0.004600,0.561114,0.351615,-0.632813,-0.401331,93.055070,-25.336438,-97.823989
62741,NaN,4.201070,8.942765,-0.415334,-0.056463,0.041850,0.076175,-0.003572,0.003284,-0.004011,0.561109,0.351607,-0.632820,-0.401332,93.055680,-25.336851,-97.825430
62742,NaN,4.239227,8.937706,-0.431127,-0.045598,0.003611,0.088697,-0.003787,0.002410,-0.007907,0.561093,0.351607,-0.632824,-0.401350,93.056166,-25.335047,-97.827655
62743,NaN,4.208319,8.922790,-0.424860,-0.048099,0.025578,0.061708,-0.005568,0.003628,-0.001497,0.561097,0.351587,-0.632831,-0.401350,93.055574,-25.336909,-97.828963
62744,NaN,4.247970,8.951337,-0.448346,-0.029686,-0.000310,0.105569,0.000655,0.005250,-0.008835,0.561084,0.351618,-0.632830,-0.401342,93.058139,-25.334633,-97.827823
62745,NaN,4.229543,8.958947,-0.419075,-0.056431,0.022515,0.103144,-0.007529,0.007535,-0.006370,0.561095,0.351616,-0.632814,-0.401355,93.055296,-25.333827,-97.826493
62746,NaN,4.198303,8.944189,-0.412628,-0.058845,0.044441,0.076150,-0.002545,0.005784,-0.010808,0.561083,0.351636,-0.632802,-0.401372,93.055176,-25.330268,-97.826111
62747,NaN,4.245714,8.952499,-0.446522,-0.031097,0.001227,0.105565,-0.002932,0.006752,-0.009155,0.561077,0.351654,-0.632792,-0.401380,93.055138,-25.327844,-97.825183
62748,NaN,4.203033,8.949022,-0.470819,-0.001714,0.034678,0.085340,-0.003300,0.009501,-0.011195,0.561077,0.351682,-0.632770,-0.401391,93.053942,-25.324367,-97.822503
62749,NaN,4.223038,8.951442,-0.457670,-0.017136,0.018740,0.095450,-0.003920,0.007814,-0.009746,0.561075,0.351701,-0.632754,-0.401401,93.053042,-25.321637,-97.820883
62750,NaN,4.233320,8.940728,-0.426493,-0.049423,0.007744,0.088676,-0.001534,0.006502,-0.013914,0.561059,0.351739,-0.632736,-0.401419,93.053419,-25.316341,-97.819393
62751,NaN,4.222800,8.927999,-0.407810,-0.066837,0.013241,0.071789,-0.003318,0.007719,-0.007504,0.561060,0.351753,-0.632726,-0.401422,93.052922,-25.314891,-97.817909
62752,NaN,4.207713,8.930354,-0.478950,0.005731,0.019414,0.070887,-0.004539,0.006126,-0.008298,0.561054,0.351753,-0.632719,-0.401440,93.051881,-25.313035,-97.818626
62753,NaN,4.209738,8.940104,-0.437357,-0.035935,0.025787,0.078555,0.000467,0.006159,-0.016430,0.561026,0.351803,-0.632705,-0.401459,93.053846,-25.306430,-97.817829
62754,NaN,4.211668,8.949888,-0.395928,-0.077537,0.032137,0.086219,-0.001550,0.004720,-0.010223,0.561010,0.351822,-0.632700,-0.401472,93.054703,-25.303228,-97.818221
62755,NaN,4.199429,8.961563,-0.426281,-0.046183,0.044145,0.092990,0.000060,0.005345,-0.011083,0.560990,0.351851,-0.632697,-0.401479,93.056732,-25.299658,-97.818119
62756,NaN,4.177625,8.960021,-0.438541,-0.031732,0.061124,0.082873,-0.000560,0.003657,-0.009634,0.560971,0.351873,-0.632699,-0.401484,93.058820,-25.296879,-97.818714
62757,NaN,4.210338,8.984827,-0.403000,-0.071422,0.046083,0.117532,0.002040,0.003220,-0.009903,0.560944,0.351900,-0.632707,-0.401484,93.062575,-25.293919,-97.819996
62758,NaN,4.180248,9.003744,-0.404973,-0.066266,0.080389,0.121850,0.001440,0.003314,-0.012148,0.560915,0.351932,-0.632709,-0.401494,93.065679,-25.289635,-97.821005
62759,NaN,4.184668,8.974408,-0.456729,-0.016265,0.057712,0.099752,0.002620,0.001344,-0.003964,0.560892,0.351939,-0.632735,-0.401479,93.070359,-25.290015,-97.823675
62760,NaN,4.214940,8.989700,-0.462247,-0.014753,0.036811,0.126756,-0.004578,0.002561,-0.000912,0.560892,0.351915,-0.632748,-0.401479,93.070394,-25.292174,-97.825934
62761,NaN,4.181142,8.965412,-0.497477,0.023956,0.052888,0.092093,0.001631,0.002406,-0.004555,0.560874,0.351922,-0.632768,-0.401467,93.074212,-25.292249,-97.827911
62762,NaN,4.193505,8.987988,-0.474366,-0.000700,0.054214,0.116637,-0.001358,0.003811,-0.002632,0.560876,0.351927,-0.632771,-0.401454,93.075220,-25.293005,-97.827148
62763,NaN,4.209911,8.947142,-0.495112,0.017453,0.020046,0.087774,-0.001147,0.004685,0.001267,0.560882,0.351913,-0.632789,-0.401431,93.076914,-25.296480,-97.827882
62764,NaN,4.240481,8.962313,-0.500361,0.018998,-0.000858,0.114786,-0.003125,0.006809,0.000085,0.560892,0.351892,-0.632797,-0.401422,93.076378,-25.299339,-97.828476
62765,NaN,4.219633,8.960340,-0.512270,0.033446,0.016109,0.104673,-0.003125,0.006809,0.000085,0.560906,0.351880,-0.632803,-0.401405,93.076347,-25.302203,-97.827826
62766,NaN,4.213081,8.956411,-0.452191,-0.025061,0.027456,0.095413,-0.006092,0.009995,-0.001688,0.560930,0.351867,-0.632791,-0.401401,93.073294,-25.304081,-97.825579
62767,NaN,4.209869,8.947314,-0.492359,0.015617,0.022101,0.087773,-0.007312,0.008401,-0.002483,0.560950,0.351855,-0.632779,-0.401401,93.070396,-25.305524,-97.823833
62768,NaN,4.233903,8.958533,-0.437538,-0.040953,0.012036,0.105522,-0.010090,0.010679,0.003338,0.560997,0.351823,-0.632763,-0.401390,93.065053,-25.310252,-97.820285
62769,NaN,4.224350,8.945355,-0.418342,-0.058350,0.017530,0.088615,-0.002870,0.011245,-0.003408,0.561017,0.351832,-0.632751,-0.401373,93.063917,-25.311253,-97.816708
62770,NaN,4.221035,8.936312,-0.458610,-0.017620,0.012137,0.080981,-0.008531,0.006808,-0.003279,0.561036,0.351819,-0.632736,-0.401382,93.060384,-25.312037,-97.815294
62771,NaN,4.204662,8.919247,-0.380207,-0.093086,0.028481,0.054796,-0.004479,0.010619,-0.002550,0.561058,0.351819,-0.632724,-0.401369,93.058508,-25.313510,-97.812142
62772,NaN,4.236237,8.968251,-0.392721,-0.084083,0.020017,0.113137,-0.004321,0.006997,-0.004407,0.561065,0.351819,-0.632720,-0.401366,93.057833,-25.313949,-97.811184
62773,NaN,4.234502,8.934808,-0.384415,-0.092151,0.008155,0.081807,-0.004321,0.006997,-0.004408,0.561072,0.351818,-0.632715,-0.401365,93.057001,-25.314248,-97.810262
62774,NaN,4.201927,8.944280,-0.426972,-0.045791,0.036568,0.078481,-0.002942,0.004968,-0.005470,0.561068,0.351818,-0.632716,-0.401369,93.057162,-25.313837,-97.810888
62775,NaN,4.212684,8.933310,-0.395965,-0.078135,0.025626,0.071682,-0.001563,0.002939,-0.006533,0.561053,0.351823,-0.632725,-0.401372,93.058977,-25.312797,-97.812462
62776,NaN,4.218581,8.937653,-0.455057,-0.020571,0.015315,0.080971,0.000669,0.005252,-0.008843,0.561036,0.351846,-0.632728,-0.401370,93.061497,-25.310641,-97.812684
62777,NaN,4.208286,8.924776,-0.436635,-0.037958,0.020804,0.064056,-0.002551,0.004000,-0.007125,0.561025,0.351853,-0.632730,-0.401376,93.062450,-25.309294,-97.813566
62778,NaN,4.230053,8.960640,-0.431602,-0.045827,0.017284,0.105493,0.002855,0.004001,-0.003760,0.561013,0.351867,-0.632747,-0.401354,93.066422,-25.309833,-97.814031
62779,NaN,4.216923,8.938456,-0.454638,-0.022038,0.016874,0.080965,-0.000184,0.000909,-0.007596,0.560987,0.351876,-0.632762,-0.401359,93.069561,-25.308121,-97.816853
62780,NaN,4.206480,8.983586,-0.492769,0.016891,0.041287,0.119086,-0.000964,0.002844,-0.004288,0.560973,0.351870,-0.632779,-0.401357,93.071754,-25.308529,-97.819470
62781,NaN,4.217335,8.972572,-0.461788,-0.015456,0.030350,0.112284,-0.002941,0.004967,-0.005472,0.560969,0.351873,-0.632781,-0.401358,93.072246,-25.308157,-97.819796
62782,NaN,4.196145,8.970757,-0.473741,-0.000926,0.047283,0.102165,-0.003722,0.006901,-0.002164,0.560978,0.351862,-0.632781,-0.401354,93.071409,-25.309693,-97.819528
62783,NaN,4.218093,9.006559,-0.468248,-0.008824,0.043786,0.143601,-0.004551,0.004341,-0.004614,0.560977,0.351856,-0.632783,-0.401358,93.071160,-25.309793,-97.820279
62784,NaN,4.246906,8.988318,-0.465395,-0.014969,0.010522,0.139313,-0.008297,0.009459,-0.003082,0.561004,0.351849,-0.632763,-0.401357,93.067439,-25.310934,-97.817061
62785,NaN,4.214782,8.939654,-0.450921,-0.024943,0.020028,0.080952,-0.010504,0.008928,-0.004470,0.561028,0.351835,-0.632740,-0.401372,93.062541,-25.311257,-97.814914
62786,NaN,4.215923,8.973458,-0.457456,-0.017829,0.032961,0.112271,-0.005099,0.008929,-0.001104,0.561046,0.351819,-0.632736,-0.401367,93.060474,-25.313556,-97.813844
62787,NaN,4.203265,8.951115,-0.479532,0.005969,0.032533,0.087754,-0.007698,0.009364,-0.000838,0.561074,0.351802,-0.632724,-0.401362,93.057118,-25.315970,-97.811544
62788,NaN,4.214433,8.939976,-0.447799,-0.026384,0.021635,0.080945,-0.007074,0.011052,-0.002289,0.561101,0.351791,-0.632709,-0.401358,93.053716,-25.317795,-97.808824
62789,NaN,4.217235,8.949302,-0.405511,-0.068056,0.028080,0.088529,-0.008293,0.009459,-0.003086,0.561125,0.351780,-0.632692,-0.401361,93.049960,-25.318925,-97.806388
62790,NaN,4.226734,8.962636,-0.422590,-0.051723,0.023687,0.105451,-0.006708,0.008302,-0.000247,0.561149,0.351764,-0.632687,-0.401349,93.047830,-25.321862,-97.804525
62791,NaN,4.223794,8.895484,-0.406493,-0.067325,-0.000617,0.042807,-0.006522,0.006464,-0.005802,0.561156,0.351761,-0.632676,-0.401359,93.045861,-25.321347,-97.803892
62792,NaN,4.215414,8.915994,-0.395160,-0.077058,0.017236,0.057195,-0.005124,0.007145,0.002591,0.561180,0.351736,-0.632678,-0.401344,93.044037,-25.325440,-97.802913
62793,NaN,4.215220,8.916109,-0.394628,-0.077551,0.017760,0.057190,-0.002776,0.001347,-0.007332,0.561161,0.351737,-0.632687,-0.401356,93.045577,-25.323894,-97.805468
62794,NaN,4.234005,8.942813,-0.430465,-0.044239,0.008346,0.091048,-0.002107,0.007527,-0.003025,0.561167,0.351736,-0.632688,-0.401347,93.045520,-25.324963,-97.804706
62795,NaN,4.203137,8.927790,-0.424438,-0.046630,0.030243,0.063995,-0.001325,0.005594,-0.006333,0.561161,0.351747,-0.632689,-0.401344,93.046756,-25.324118,-97.804606
62796,NaN,4.221787,8.954560,-0.460302,-0.013305,0.020800,0.097858,-0.002544,0.004001,-0.007130,0.561152,0.351754,-0.632688,-0.401352,93.047210,-25.322581,-97.805153
62797,NaN,4.211563,8.941617,-0.441979,-0.030672,0.026285,0.080922,0.001042,0.002505,-0.006802,0.561130,0.351767,-0.632703,-0.401348,93.050632,-25.321373,-97.806993
62798,NaN,4.212298,8.975564,-0.449445,-0.023541,0.039212,0.112237,0.000287,0.006220,-0.007192,0.561119,0.351780,-0.632705,-0.401349,93.052089,-25.320000,-97.807319
62799,NaN,4.202118,8.962605,-0.430986,-0.040906,0.044699,0.095297,-0.001092,0.008248,-0.006131,0.561121,0.351796,-0.632700,-0.401340,93.052742,-25.319352,-97.805547
62800,NaN,4.219354,8.955755,-0.459374,-0.015150,0.022862,0.097851,0.000448,0.002599,-0.009050,0.561096,0.351810,-0.632709,-0.401349,93.055390,-25.316831,-97.807792
62801,NaN,4.228412,8.969276,-0.477182,0.001222,0.018425,0.114787,-0.003326,0.005933,-0.003823,0.561099,0.351808,-0.632710,-0.401344,93.055424,-25.317432,-97.807563
62802,NaN,4.200535,8.963391,-0.430059,-0.042304,0.046251,0.095284,0.000883,0.006125,-0.004946,0.561094,0.351823,-0.632716,-0.401329,93.057613,-25.317364,-97.806916
62803,NaN,4.187543,8.941189,-0.452860,-0.018486,0.045786,0.070785,-0.001946,0.003905,-0.004885,0.561086,0.351824,-0.632723,-0.401327,93.058971,-25.317296,-97.807934
62804,NaN,4.230304,8.978996,-0.435013,-0.041384,0.025922,0.122336,-0.002962,0.003183,-0.001780,0.561085,0.351813,-0.632734,-0.401321,93.059759,-25.318906,-97.809147
62805,NaN,4.196684,8.954703,-0.470075,-0.002576,0.041853,0.087721,-0.004936,0.005305,-0.002967,0.561091,0.351803,-0.632735,-0.401320,93.059052,-25.319978,-97.809344
62806,NaN,4.207729,8.943574,-0.438895,-0.034770,0.030838,0.080895,-0.002962,0.003183,-0.001780,0.561091,0.351789,-0.632742,-0.401320,93.059001,-25.321214,-97.810552
62807,NaN,4.196391,8.954901,-0.468929,-0.003410,0.042799,0.087716,-0.005096,0.008925,-0.001110,0.561112,0.351780,-0.632736,-0.401308,93.057249,-25.323458,-97.808520
62808,NaN,4.226724,8.970243,-0.473945,-0.001981,0.021908,0.114780,-0.001350,0.003810,-0.002638,0.561113,0.351784,-0.632742,-0.401294,93.058599,-25.324382,-97.808077
62809,NaN,4.207371,8.943824,-0.437234,-0.036198,0.032350,0.080885,-0.004109,0.007864,-0.000517,0.561130,0.351773,-0.632742,-0.401280,93.057708,-25.326933,-97.806737
62810,NaN,4.228047,8.945946,-0.423878,-0.051656,0.016464,0.091002,-0.006909,0.007427,-0.004155,0.561145,0.351767,-0.632729,-0.401285,93.055065,-25.327327,-97.805193
62811,NaN,4.206844,8.944151,-0.435615,-0.037155,0.033382,0.080878,-0.004310,0.006993,-0.004419,0.561152,0.351766,-0.632724,-0.401283,93.054238,-25.327619,-97.804271
62812,NaN,4.206603,8.944293,-0.435030,-0.037611,0.033892,0.080875,-0.002729,0.005837,-0.001578,0.561160,0.351759,-0.632729,-0.401272,93.054415,-25.329454,-97.804032
62813,NaN,4.230243,8.955537,-0.380748,-0.094283,0.023992,0.098524,-0.003716,0.006898,-0.002172,0.561170,0.351753,-0.632730,-0.401262,93.053987,-25.331029,-97.803247
62814,NaN,4.214505,8.924122,-0.444544,-0.029245,0.017545,0.066506,-0.000725,0.005498,-0.004089,0.561165,0.351754,-0.632738,-0.401255,93.055449,-25.331528,-97.803882
62815,NaN,4.226904,8.946620,-0.421036,-0.054065,0.019082,0.090984,-0.003121,0.006803,0.000075,0.561178,0.351742,-0.632744,-0.401237,93.055420,-25.334386,-97.803233
62816,NaN,4.234957,8.926348,-0.431217,-0.045234,0.002223,0.076622,-0.000563,0.001878,-0.005947,0.561158,0.351744,-0.632760,-0.401238,93.058113,-25.333770,-97.805837
62817,NaN,4.223244,8.937847,-0.461647,-0.013874,0.014177,0.083454,-0.000100,0.007187,-0.005541,0.561156,0.351759,-0.632761,-0.401226,93.059629,-25.333427,-97.804755
62818,NaN,4.243685,8.940060,-0.448712,-0.029253,-0.001772,0.093574,-0.003554,0.003277,-0.004030,0.561155,0.351755,-0.632762,-0.401231,93.059410,-25.333426,-97.805336
62819,NaN,4.222410,8.938288,-0.460733,-0.014745,0.015136,0.083451,-0.003916,0.006026,-0.006076,0.561155,0.351759,-0.632758,-0.401234,93.059047,-25.332741,-97.804971
62820,NaN,4.194289,8.932459,-0.413585,-0.058198,0.042973,0.063886,0.000294,0.006221,-0.007195,0.561143,0.351771,-0.632761,-0.401235,93.060605,-25.331426,-97.805481
62821,NaN,4.241985,8.940934,-0.447367,-0.030677,-0.000208,0.093570,-0.002897,0.006749,-0.009182,0.561137,0.351789,-0.632751,-0.401243,93.060584,-25.328986,-97.804553
62822,NaN,4.202369,8.946496,-0.430619,-0.042272,0.039060,0.080837,-0.004869,0.008870,-0.010371,0.561136,0.351801,-0.632732,-0.401264,93.058431,-25.325953,-97.803371
62823,NaN,4.211294,8.960119,-0.448089,-0.025920,0.034628,0.097794,-0.001085,0.008247,-0.006137,0.561138,0.351817,-0.632727,-0.401255,93.059087,-25.325301,-97.801598
62824,NaN,4.231581,8.962412,-0.435063,-0.041396,0.018782,0.107913,-0.002302,0.006653,-0.006935,0.561134,0.351825,-0.632724,-0.401259,93.059284,-25.324211,-97.801463
62825,NaN,4.210263,8.960640,-0.447358,-0.026880,0.035685,0.097788,0.001875,0.005065,-0.004354,0.561124,0.351838,-0.632737,-0.401241,93.062523,-25.324482,-97.801765
62826,NaN,4.171127,8.965950,-0.430810,-0.038536,0.074960,0.085042,-0.006905,0.007423,-0.004163,0.561139,0.351834,-0.632724,-0.401243,93.060138,-25.324955,-97.799895
62827,NaN,4.230340,8.963068,-0.433604,-0.042891,0.020362,0.107904,-0.002926,0.004965,-0.005484,0.561135,0.351836,-0.632726,-0.401243,93.060637,-25.324576,-97.800222
62828,NaN,4.197844,8.972550,-0.476308,0.003526,0.048652,0.104622,-0.002695,0.007619,-0.005282,0.561142,0.351847,-0.632717,-0.401237,93.060270,-25.324262,-97.798191
62829,NaN,4.208785,8.961452,-0.445000,-0.028826,0.037756,0.097775,-0.005325,0.006267,-0.001320,0.561155,0.351833,-0.632718,-0.401231,93.059102,-25.326305,-97.797834
62830,NaN,4.208545,8.961594,-0.444415,-0.029291,0.038289,0.097771,-0.001708,0.006558,-0.004687,0.561154,0.351835,-0.632721,-0.401227,93.059704,-25.326502,-97.797860
62831,NaN,4.235954,8.967850,-0.490623,0.013215,0.011485,0.117370,-0.003121,0.006800,0.000072,0.561167,0.351823,-0.632727,-0.401210,93.059675,-25.329358,-97.797213
62832,NaN,4.208380,8.961727,-0.443285,-0.030246,0.039322,0.097764,-0.004107,0.007861,-0.000523,0.561185,0.351813,-0.632725,-0.401196,93.058550,-25.331843,-97.795617
62833,NaN,4.216590,8.941413,-0.453325,-0.021416,0.022423,0.083425,-0.001346,0.003809,-0.002641,0.561181,0.351809,-0.632738,-0.401186,93.060309,-25.333055,-97.796772
62834,NaN,4.206801,8.928239,-0.434729,-0.038664,0.027869,0.066450,-0.005324,0.006267,-0.001322,0.561192,0.351789,-0.632738,-0.401186,93.058602,-25.334987,-97.797029
62835,NaN,4.206659,8.928337,-0.434095,-0.039158,0.028392,0.066447,-0.003944,0.004241,-0.002381,0.561194,0.351777,-0.632745,-0.401183,93.058759,-25.336361,-97.797918
62836,NaN,4.225698,8.955018,-0.469789,-0.005928,0.018984,0.100394,-0.002332,0.004870,-0.003237,0.561194,0.351773,-0.632751,-0.401178,93.059267,-25.337161,-97.798368
62837,NaN,4.218633,8.951034,-0.410035,-0.064439,0.030476,0.090894,-0.003318,0.005930,-0.003832,0.561197,0.351771,-0.632752,-0.401174,93.059304,-25.337756,-97.798140
62838,NaN,4.225144,8.955339,-0.468655,-0.006856,0.019992,0.100392,-0.004697,0.007955,-0.002774,0.561213,0.351767,-0.632743,-0.401169,93.057578,-25.338849,-97.796263
62839,NaN,4.238812,8.953408,-0.396249,-0.080392,0.015125,0.101009,-0.001311,0.005593,-0.006343,0.561206,0.351778,-0.632745,-0.401166,93.058820,-25.337998,-97.796163
62840,NaN,4.214701,8.942493,-0.449571,-0.024659,0.025988,0.083409,-0.003317,0.005930,-0.003833,0.561210,0.351777,-0.632745,-0.401161,93.058746,-25.338594,-97.795796
62841,NaN,4.235057,8.944754,-0.436517,-0.040184,0.010152,0.093531,-0.002527,0.003999,-0.007142,0.561199,0.351784,-0.632747,-0.401167,93.059711,-25.337237,-97.796677
62842,NaN,4.204065,8.929731,-0.430545,-0.042374,0.031954,0.066422,-0.002690,0.007618,-0.005285,0.561201,0.351783,-0.632743,-0.401171,93.058962,-25.336943,-97.796384
62843,NaN,4.224410,8.932002,-0.417378,-0.057900,0.016120,0.076543,-0.003907,0.006024,-0.006084,0.561201,0.351787,-0.632739,-0.401175,93.058603,-25.336253,-97.796020
62844,NaN,4.212708,8.943539,-0.447436,-0.026476,0.028000,0.083399,-0.003907,0.006024,-0.006084,0.561204,0.351796,-0.632729,-0.401178,93.057816,-25.335334,-97.794702
62845,NaN,4.230222,8.936684,-0.475572,-0.000821,0.006137,0.086062,-0.001935,0.003904,-0.004893,0.561196,0.351797,-0.632737,-0.401175,93.059178,-25.335260,-97.795721
62846,NaN,4.193749,8.951141,-0.417949,-0.053581,0.051421,0.080725,-0.002294,0.006653,-0.006940,0.561195,0.351810,-0.632731,-0.401176,93.059338,-25.334047,-97.794703
62847,NaN,4.229243,8.937200,-0.474576,-0.001779,0.007168,0.086061,-0.004301,0.006989,-0.004431,0.561201,0.351810,-0.632726,-0.401174,93.058515,-25.334333,-97.793784
62848,NaN,4.210778,8.944551,-0.445390,-0.028410,0.030125,0.083387,-0.002293,0.006653,-0.006941,0.561193,0.351811,-0.632728,-0.401182,93.058871,-25.333432,-97.794793
62849,NaN,4.210108,8.944892,-0.444863,-0.028904,0.030648,0.083384,-0.004726,0.003465,-0.008539,0.561182,0.351815,-0.632725,-0.401200,93.058700,-25.331260,-97.795966
62850,NaN,4.199889,8.931905,-0.426184,-0.046167,0.036109,0.066391,-0.002457,0.010271,-0.005085,0.561194,0.351824,-0.632713,-0.401192,93.057706,-25.331240,-97.793370
62851,NaN,4.229955,8.947439,-0.430911,-0.044884,0.015335,0.093504,-0.007128,0.004765,-0.004376,0.561198,0.351811,-0.632709,-0.401204,93.055867,-25.331489,-97.793860
62852,NaN,4.200351,8.966038,-0.432128,-0.039606,0.049628,0.097685,-0.006501,0.006454,-0.005828,0.561205,0.351806,-0.632698,-0.401217,93.053532,-25.330871,-97.793334
62853,NaN,4.197067,8.957189,-0.472539,0.001085,0.044104,0.090239,-0.005516,0.005394,-0.005232,0.561207,0.351802,-0.632693,-0.401225,93.052434,-25.330650,-97.793398
62854,NaN,4.209052,8.979850,-0.448617,-0.023748,0.045715,0.114671,-0.006500,0.006454,-0.005829,0.561215,0.351799,-0.632681,-0.401235,93.050263,-25.330067,-97.792527
62855,NaN,4.198915,8.966827,-0.429699,-0.041057,0.051189,0.097671,-0.006500,0.006454,-0.005830,0.561221,0.351795,-0.632671,-0.401246,93.048306,-25.329535,-97.791900
62856,NaN,4.216589,8.959948,-0.457479,-0.015336,0.029284,0.100359,-0.006537,0.004669,-0.002128,0.561229,0.351773,-0.632671,-0.401254,93.046344,-25.330945,-97.792900
62857,NaN,4.195703,8.957999,-0.469297,-0.000783,0.046150,0.090230,-0.003874,0.010510,-0.000326,0.561254,0.351768,-0.632665,-0.401234,93.044872,-25.333685,-97.789890
62858,NaN,4.206717,8.946832,-0.437886,-0.033095,0.035262,0.083356,-0.006141,0.003705,-0.003783,0.561256,0.351753,-0.632665,-0.401244,93.043612,-25.334171,-97.790967
62859,NaN,4.214816,8.926622,-0.447695,-0.024264,0.018333,0.069052,-0.004693,0.007952,-0.002781,0.561270,0.351748,-0.632659,-0.401237,93.042327,-25.335430,-97.789494
62860,NaN,4.214552,8.926780,-0.447045,-0.024731,0.018864,0.069050,-0.003312,0.005928,-0.003838,0.561272,0.351742,-0.632662,-0.401237,93.042204,-25.336091,-97.789914
62861,NaN,4.215589,8.960597,-0.453977,-0.017742,0.031894,0.100347,-0.003708,0.006892,-0.002184,0.561282,0.351736,-0.632662,-0.401227,93.041780,-25.337659,-97.789133
62862,NaN,4.205712,8.947434,-0.435214,-0.034951,0.037322,0.083342,-0.005908,0.006358,-0.003581,0.561291,0.351722,-0.632656,-0.401236,93.039589,-25.338236,-97.789058
62863,NaN,4.244395,8.942497,-0.450557,-0.024369,-0.000893,0.096174,-0.003350,0.004143,-0.000137,0.561296,0.351705,-0.632669,-0.401224,93.040144,-25.340892,-97.790086
62864,NaN,4.205349,8.947665,-0.433982,-0.035898,0.038351,0.083334,-0.005511,0.005394,-0.005236,0.561299,0.351700,-0.632663,-0.401233,93.038770,-25.340594,-97.790006
62865,NaN,4.225835,8.949866,-0.420821,-0.051449,0.022542,0.093458,-0.001110,0.006462,-0.002442,0.561302,0.351701,-0.632669,-0.401217,93.039946,-25.342001,-97.789487
62866,NaN,4.213090,8.927650,-0.443431,-0.027525,0.021930,0.069036,-0.005511,0.005393,-0.005237,0.561305,0.351695,-0.632665,-0.401227,93.038617,-25.341753,-97.789684
62867,NaN,4.201445,8.939194,-0.473562,0.003842,0.033837,0.075914,-0.001302,0.005594,-0.006348,0.561298,0.351706,-0.632666,-0.401224,93.039862,-25.340898,-97.789584
62868,NaN,4.216172,8.970906,-0.408806,-0.062195,0.041596,0.107735,-0.001698,0.006557,-0.004694,0.561295,0.351704,-0.632672,-0.401223,93.040490,-25.341179,-97.790366
62869,NaN,4.242217,8.943680,-0.447570,-0.027241,0.002249,0.096167,-0.000713,0.005498,-0.004097,0.561291,0.351709,-0.632679,-0.401211,93.042131,-25.341610,-97.790402
62870,NaN,4.193274,8.935619,-0.413281,-0.055559,0.046426,0.066300,-0.001532,0.002940,-0.006552,0.561279,0.351719,-0.632683,-0.401213,93.043696,-25.340422,-97.791241
62871,NaN,4.221807,8.975775,-0.467080,-0.005658,0.032114,0.117332,-0.002325,0.004868,-0.003244,0.561278,0.351716,-0.632691,-0.401206,93.044596,-25.341322,-97.791705
62872,NaN,4.223008,8.951338,-0.417887,-0.054827,0.026216,0.093431,-0.003309,0.005927,-0.003841,0.561282,0.351717,-0.632691,-0.401198,93.044734,-25.341972,-97.791007
62873,NaN,4.211377,8.962872,-0.448131,-0.023460,0.038120,0.100313,-0.002746,0.001346,-0.007353,0.561263,0.351718,-0.632700,-0.401210,93.046288,-25.340414,-97.793562
62874,NaN,4.240165,8.944743,-0.445775,-0.029630,0.004822,0.096159,-0.000125,0.005402,-0.001846,0.561263,0.351716,-0.632711,-0.401195,93.047872,-25.342007,-97.793885
62875,NaN,4.189926,8.961171,-0.460264,-0.009314,0.055459,0.090178,-0.000943,0.002845,-0.004301,0.561251,0.351716,-0.632724,-0.401190,93.050097,-25.342240,-97.795595
62876,NaN,4.258893,8.971678,-0.481327,0.003045,-0.004053,0.130191,-0.002325,0.004867,-0.003244,0.561250,0.351709,-0.632730,-0.401188,93.050457,-25.342998,-97.796398
62877,NaN,4.210108,8.963531,-0.446850,-0.025291,0.040151,0.100301,-0.003309,0.005927,-0.003842,0.561253,0.351708,-0.632731,-0.401184,93.050498,-25.343587,-97.796172
62878,NaN,4.238941,8.945397,-0.444274,-0.031488,0.006860,0.096152,-0.001696,0.006557,-0.004696,0.561254,0.351715,-0.632730,-0.401176,93.050979,-25.343612,-97.795302
62879,NaN,4.217769,8.943570,-0.456350,-0.016911,0.023702,0.086021,-0.004292,0.006986,-0.004441,0.561261,0.351714,-0.632725,-0.401175,93.050160,-25.343892,-97.794385
62880,NaN,4.228615,8.932445,-0.425200,-0.049280,0.012898,0.079126,-0.001340,0.003808,-0.002647,0.561253,0.351703,-0.632743,-0.401168,93.052038,-25.345353,-97.796661
62881,NaN,4.199220,8.950880,-0.426966,-0.044025,0.047214,0.083263,-0.001109,0.006461,-0.002445,0.561256,0.351704,-0.632750,-0.401152,93.053215,-25.346759,-97.796144
62882,NaN,4.219729,8.953077,-0.413728,-0.059512,0.031403,0.093389,-0.007119,0.004761,-0.004389,0.561259,0.351684,-0.632746,-0.401172,93.050841,-25.346936,-97.797642
62883,NaN,4.227731,8.932936,-0.423682,-0.050682,0.014449,0.079117,-0.001926,0.003904,-0.004900,0.561251,0.351685,-0.632754,-0.401170,93.052207,-25.346859,-97.798660
62884,NaN,4.246659,8.959787,-0.459355,-0.017553,0.005033,0.113166,-0.003538,0.003273,-0.004047,0.561251,0.351685,-0.632756,-0.401168,93.052436,-25.346979,-97.798770
62885,NaN,4.225409,8.957986,-0.471633,-0.002970,0.021868,0.103035,-0.001528,0.002940,-0.006555,0.561235,0.351691,-0.632764,-0.401171,93.054267,-25.345926,-97.800343
62886,NaN,4.218174,8.953892,-0.411952,-0.061385,0.033376,0.093371,-0.004333,0.005199,-0.000738,0.561251,0.351687,-0.632761,-0.401156,93.053570,-25.347911,-97.798559
62887,NaN,4.237330,8.980645,-0.447507,-0.028316,0.024019,0.127425,-0.002323,0.004867,-0.003246,0.561250,0.351684,-0.632769,-0.401149,93.054471,-25.348810,-97.799023
62888,NaN,4.214948,8.945118,-0.452044,-0.021180,0.028309,0.086000,-0.005274,0.008044,-0.005041,0.561262,0.351687,-0.632756,-0.401149,93.052763,-25.348784,-97.797020
62889,NaN,4.215769,8.979041,-0.458765,-0.014221,0.041377,0.117289,-0.005505,0.005391,-0.005244,0.561265,0.351682,-0.632752,-0.401156,93.051670,-25.348554,-97.797085
62890,NaN,4.243409,8.927224,-0.448508,-0.027817,-0.004496,0.081868,-0.003704,0.006889,-0.002191,0.561275,0.351672,-0.632750,-0.401154,93.050489,-25.349865,-97.796548
62891,NaN,4.233372,8.914099,-0.429927,-0.045090,0.000968,0.064833,-0.002279,0.006652,-0.006951,0.561272,0.351685,-0.632746,-0.401154,93.050878,-25.348698,-97.795756
62892,NaN,4.213332,8.946012,-0.449408,-0.022972,0.030300,0.085990,-0.005273,0.008043,-0.005043,0.561284,0.351685,-0.632732,-0.401158,93.048691,-25.348478,-97.794041
62893,NaN,4.244721,8.937043,-0.405248,-0.070418,0.003158,0.089214,-0.005858,0.008139,-0.007296,0.561292,0.351691,-0.632716,-0.401168,93.046621,-25.347159,-97.792297
62894,NaN,4.221953,8.901700,-0.409772,-0.063179,0.007369,0.047790,-0.001250,0.007379,-0.010059,0.561286,0.351719,-0.632701,-0.401175,93.046699,-25.343941,-97.790436
62895,NaN,4.222430,8.935760,-0.416935,-0.056224,0.020444,0.079076,0.002163,0.009509,-0.007858,0.561282,0.351753,-0.632696,-0.401158,93.048845,-25.342342,-97.787806
62896,NaN,4.213075,8.956555,-0.406199,-0.065992,0.038461,0.093323,-0.000682,0.002800,-0.013572,0.561249,0.351775,-0.632696,-0.401185,93.050771,-25.337302,-97.790221
62897,NaN,4.241379,8.938697,-0.403756,-0.072253,0.005195,0.089200,-0.002276,0.006652,-0.006954,0.561246,0.351788,-0.632692,-0.401185,93.051161,-25.336132,-97.789431
62898,NaN,4.190498,8.955381,-0.418190,-0.051805,0.055754,0.083181,-0.000680,0.002800,-0.013573,0.561217,0.351819,-0.632686,-0.401207,93.052844,-25.330812,-97.790396
62899,NaN,4.219869,8.971280,-0.423426,-0.050623,0.035044,0.110349,0.001118,0.004298,-0.010518,0.561194,0.351848,-0.632689,-0.401210,93.055765,-25.327531,-97.790974
62900,NaN,4.207825,8.983007,-0.454022,-0.019169,0.046889,0.117256,0.001119,0.004298,-0.010519,0.561170,0.351872,-0.632690,-0.401219,93.058125,-25.324104,-97.791949
62901,NaN,4.215419,8.963065,-0.464477,-0.010339,0.029915,0.103009,-0.001353,-0.000677,-0.008417,0.561140,0.351877,-0.632706,-0.401233,93.061007,-25.321874,-97.795747
62902,NaN,4.224219,8.976815,-0.482456,0.005948,0.025504,0.120052,0.000890,0.001645,-0.010722,0.561108,0.351900,-0.632715,-0.401243,93.064418,-25.318422,-97.798024
62903,NaN,4.184753,8.982042,-0.466305,-0.005540,0.064757,0.107113,-0.002091,0.007518,-0.003048,0.561115,0.351902,-0.632716,-0.401230,93.064736,-25.319515,-97.796817
62904,NaN,4.231650,8.956991,-0.492255,0.014340,0.009025,0.105810,-0.002275,0.006650,-0.006957,0.561113,0.351912,-0.632710,-0.401233,93.064738,-25.318248,-97.796173
62905,NaN,4.192324,8.962162,-0.475840,0.002856,0.048276,0.092868,-0.003304,0.005923,-0.003850,0.561116,0.351911,-0.632711,-0.401229,93.064781,-25.318832,-97.795948
62906,NaN,4.204411,8.984705,-0.452054,-0.022035,0.050004,0.117235,-0.003704,0.006886,-0.002195,0.561127,0.351905,-0.632710,-0.401220,93.064157,-25.320353,-97.795055
62907,NaN,4.212630,8.964506,-0.461966,-0.013205,0.033023,0.102996,-0.003074,0.008576,-0.003648,0.561138,0.351908,-0.632705,-0.401210,93.063617,-25.321134,-97.793158
62908,NaN,4.223654,8.953289,-0.430706,-0.045522,0.022186,0.096075,-0.001907,0.008385,0.000860,0.561155,0.351898,-0.632710,-0.401187,93.063583,-25.324456,-97.791824
62909,NaN,4.221004,8.944267,-0.471295,-0.004826,0.016552,0.088758,-0.005316,0.006253,-0.001344,0.561168,0.351883,-0.632711,-0.401181,93.062420,-25.326485,-97.791475
62910,NaN,4.213857,8.940062,-0.411426,-0.063196,0.028134,0.079015,-0.003933,0.004233,-0.002399,0.561170,0.351869,-0.632716,-0.401182,93.062076,-25.327697,-97.792550
62911,NaN,4.244342,8.955475,-0.416190,-0.062040,0.007441,0.106198,-0.004149,0.006062,0.003165,0.561188,0.351843,-0.632727,-0.401161,93.061699,-25.332299,-97.792475
62912,NaN,4.233258,8.966799,-0.446031,-0.030622,0.019307,0.113117,-0.008494,0.006775,-0.003346,0.561203,0.351822,-0.632718,-0.401175,93.058239,-25.333202,-97.792402
62913,NaN,4.223363,8.953588,-0.427313,-0.047874,0.024767,0.096058,-0.001106,0.006459,-0.002450,0.561206,0.351823,-0.632724,-0.401159,93.059416,-25.334604,-97.791885
62914,NaN,4.228990,8.924325,-0.478583,0.002183,0.001592,0.074525,-0.003701,0.006885,-0.002197,0.561217,0.351817,-0.632723,-0.401150,93.058757,-25.336092,-97.790876
62915,NaN,4.220272,8.944818,-0.467390,-0.007637,0.019628,0.088750,-0.004284,0.006981,-0.004452,0.561224,0.351817,-0.632718,-0.401148,93.057943,-25.336364,-97.789961
62916,NaN,4.203212,8.927345,-0.389478,-0.082744,0.036154,0.061928,-0.004284,0.006981,-0.004453,0.561231,0.351812,-0.632712,-0.401153,93.056552,-25.336478,-97.789446
62917,NaN,4.223437,8.987927,-0.432401,-0.042306,0.039391,0.127326,-0.002318,0.004865,-0.003253,0.561230,0.351810,-0.632719,-0.401146,93.057455,-25.337372,-97.789911
62918,NaN,4.239933,8.947492,-0.452915,-0.024141,0.004929,0.098880,-0.004865,0.007076,-0.006708,0.561228,0.351803,-0.632715,-0.401160,93.056225,-25.336625,-97.790711
62919,NaN,4.210318,8.965988,-0.454226,-0.018844,0.039244,0.102964,-0.007509,0.005716,-0.002749,0.561240,0.351786,-0.632710,-0.401167,93.053930,-25.337833,-97.790655
62920,NaN,4.251494,8.970305,-0.428250,-0.049420,0.007162,0.123231,-0.000073,0.007187,-0.005558,0.561234,0.351789,-0.632712,-0.401169,93.054417,-25.337235,-97.791123
62921,NaN,4.208465,8.932661,-0.445570,-0.027100,0.027641,0.071676,-0.006296,0.007310,-0.001948,0.561251,0.351775,-0.632706,-0.401167,93.052396,-25.338950,-97.790084
62922,NaN,4.199758,8.953147,-0.434126,-0.036886,0.045692,0.085889,-0.006877,0.007406,-0.004203,0.561262,0.351763,-0.632697,-0.401176,93.049789,-25.339433,-97.789606
62923,NaN,4.228561,8.935124,-0.431097,-0.043178,0.012425,0.081806,-0.006476,0.006443,-0.005858,0.561268,0.351760,-0.632687,-0.401187,93.047844,-25.338885,-97.788985
62924,NaN,4.228040,8.935415,-0.430180,-0.043604,0.012918,0.081803,-0.007458,0.007501,-0.006459,0.561278,0.351755,-0.632669,-0.401205,93.044579,-25.337901,-97.787925
62925,NaN,4.227459,8.935734,-0.429255,-0.044098,0.013442,0.081800,-0.005844,0.008134,-0.007312,0.561286,0.351761,-0.632653,-0.401214,93.042516,-25.336572,-97.786184
62926,NaN,4.207112,8.967775,-0.448613,-0.022050,0.042833,0.102942,-0.003198,0.009495,-0.011271,0.561285,0.351791,-0.632631,-0.401223,93.041566,-25.333076,-97.783265
62927,NaN,4.217547,8.956816,-0.416997,-0.054413,0.032027,0.096003,-0.009471,0.007829,-0.003955,0.561305,0.351776,-0.632614,-0.401235,93.037557,-25.333659,-97.781831
62928,NaN,4.196200,8.955067,-0.428893,-0.039751,0.048821,0.085863,-0.001232,0.007380,-0.010070,0.561295,0.351799,-0.632606,-0.401243,93.038130,-25.330788,-97.781109
62929,NaN,4.204060,8.935081,-0.438579,-0.030920,0.031815,0.071653,-0.010452,0.008886,-0.004558,0.561318,0.351785,-0.632583,-0.401258,93.033264,-25.331058,-97.778985
62930,NaN,4.246357,8.973148,-0.419555,-0.054220,0.012440,0.123200,-0.005261,0.008037,-0.005059,0.561324,0.351775,-0.632577,-0.401268,93.031367,-25.331168,-97.779048
62931,NaN,4.194789,8.955859,-0.426148,-0.041190,0.050415,0.085849,-0.007104,0.004751,-0.004411,0.561329,0.351762,-0.632573,-0.401279,93.029541,-25.331396,-97.779547
62932,NaN,4.215163,8.958137,-0.412690,-0.056806,0.034703,0.095981,-0.004278,0.006979,-0.004458,0.561334,0.351757,-0.632570,-0.401281,93.028681,-25.331788,-97.779280
62933,NaN,4.202595,8.935932,-0.435276,-0.032842,0.033949,0.071639,-0.004909,0.005288,-0.003006,0.561339,0.351747,-0.632571,-0.401280,93.027987,-25.332836,-97.779486
62934,NaN,4.212143,8.949410,-0.452577,-0.016488,0.029492,0.088715,-0.004099,0.007844,-0.000548,0.561355,0.351729,-0.632571,-0.401276,93.026348,-25.335183,-97.779089
62935,NaN,4.222929,8.938251,-0.421368,-0.048853,0.018694,0.081770,-0.001280,0.005593,-0.006364,0.561348,0.351740,-0.632572,-0.401273,93.027603,-25.334320,-97.778989
62936,NaN,4.222271,8.938574,-0.421115,-0.049356,0.019254,0.081766,0.000736,0.005266,-0.008870,0.561330,0.351760,-0.632578,-0.401273,93.030151,-25.332205,-97.779733
62937,NaN,4.221863,8.938784,-0.420733,-0.049850,0.019778,0.081762,-0.004329,0.005191,-0.000751,0.561338,0.351744,-0.632584,-0.401264,93.029848,-25.334540,-97.780076
62938,NaN,4.221507,8.938976,-0.420248,-0.050289,0.020295,0.081759,-0.000647,0.007284,-0.007817,0.561331,0.351759,-0.632581,-0.401266,93.030631,-25.332894,-97.779672
62939,NaN,4.230555,8.952682,-0.437799,-0.034054,0.015887,0.098840,-0.002260,0.006651,-0.006966,0.561328,0.351771,-0.632577,-0.401266,93.031029,-25.331717,-97.778883
62940,NaN,4.211767,8.959911,-0.408835,-0.060559,0.038868,0.095943,-0.002490,0.003998,-0.007169,0.561318,0.351778,-0.632578,-0.401274,93.031740,-25.330273,-97.779673
62941,NaN,4.237824,8.932992,-0.447600,-0.025681,-0.000626,0.084645,0.000335,0.006227,-0.007216,0.561308,0.351798,-0.632579,-0.401267,93.033736,-25.328941,-97.779143
62942,NaN,4.210446,8.960555,-0.408329,-0.061384,0.039835,0.095934,0.000738,0.005265,-0.008871,0.561291,0.351814,-0.632579,-0.401277,93.035097,-25.326277,-97.780061
62943,NaN,4.186658,8.949744,-0.461752,-0.005538,0.050371,0.078555,-0.007503,0.005710,-0.002761,0.561303,0.351796,-0.632574,-0.401283,93.032805,-25.327478,-97.780008
62944,NaN,4.207100,8.951984,-0.448557,-0.021160,0.034655,0.088689,0.001897,0.005073,-0.004358,0.561292,0.351807,-0.632588,-0.401267,93.035940,-25.327790,-97.780560
62945,NaN,4.218832,8.974613,-0.425070,-0.046124,0.036486,0.113009,-0.002488,0.003998,-0.007171,0.561281,0.351814,-0.632590,-0.401273,93.036922,-25.326416,-97.781443
62946,NaN,4.206285,8.952405,-0.447796,-0.022062,0.035654,0.088684,-0.004099,0.007842,-0.000551,0.561299,0.351802,-0.632588,-0.401263,93.035455,-25.328740,-97.780144
62947,NaN,4.206079,8.952534,-0.447155,-0.022556,0.036178,0.088681,-0.004504,0.004325,-0.004666,0.561297,0.351796,-0.632589,-0.401268,93.035229,-25.328809,-97.780905
62948,NaN,4.205757,8.952716,-0.446532,-0.023002,0.036725,0.088678,-0.004907,0.005286,-0.003011,0.561297,0.351773,-0.632596,-0.401278,93.034261,-25.330023,-97.783134
62949,NaN,4.205551,8.952845,-0.445891,-0.023496,0.037248,0.088675,-0.003696,0.006881,-0.002207,0.561307,0.351766,-0.632597,-0.401269,93.033842,-25.331577,-97.782359
62950,NaN,4.205420,8.952940,-0.445212,-0.023892,0.037737,0.088672,-0.005309,0.006246,-0.001356,0.561317,0.351744,-0.632598,-0.401272,93.032037,-25.333474,-97.783010
62951,NaN,4.196812,8.973323,-0.433920,-0.033706,0.055816,0.102845,-0.005309,0.006246,-0.001357,0.561330,0.351729,-0.632598,-0.401267,93.030877,-25.335495,-97.782666
62952,NaN,4.226066,8.955126,-0.431115,-0.040008,0.022572,0.098804,-0.001906,0.008379,0.000855,0.561344,0.351713,-0.632607,-0.401247,93.030965,-25.338981,-97.782284
62953,NaN,4.205386,8.953054,-0.443233,-0.025344,0.039328,0.088662,-0.004097,0.007841,-0.000553,0.561361,0.351703,-0.632607,-0.401232,93.030079,-25.341510,-97.780957
62954,NaN,4.216472,8.941742,-0.411852,-0.057647,0.028504,0.081699,-0.004730,0.006150,0.000900,0.561379,0.351684,-0.632610,-0.401220,93.028858,-25.344606,-97.780302
62955,NaN,4.246943,8.957223,-0.416501,-0.056589,0.007870,0.108934,-0.003346,0.004132,-0.000153,0.561383,0.351667,-0.632622,-0.401209,93.029412,-25.347252,-97.781336
62956,NaN,4.204422,8.919338,-0.434117,-0.034100,0.028197,0.057381,-0.002768,0.004036,0.002105,0.561391,0.351642,-0.632639,-0.401192,93.030008,-25.351095,-97.782635
62957,NaN,4.235020,8.934756,-0.438858,-0.033044,0.007564,0.084620,-0.003749,0.005093,0.001502,0.561403,0.351621,-0.632651,-0.401176,93.030095,-25.354717,-97.783116
62958,NaN,4.224354,8.945946,-0.468851,-0.001607,0.019369,0.091583,-0.008013,0.003093,0.006308,0.561425,0.351563,-0.632669,-0.401168,93.027970,-25.360980,-97.785634
62959,NaN,4.235590,8.934544,-0.437662,-0.033976,0.008595,0.084616,-0.000347,0.002749,-0.002055,0.561416,0.351558,-0.632688,-0.401155,93.030591,-25.362495,-97.787480
62960,NaN,4.214605,8.932609,-0.450098,-0.019263,0.025321,0.074474,-0.003520,0.003268,-0.004066,0.561411,0.351551,-0.632694,-0.401158,93.030946,-25.362787,-97.788764
62961,NaN,4.253282,8.927945,-0.465256,-0.008897,-0.012873,0.087556,-0.006517,0.004651,-0.002164,0.561419,0.351532,-0.632695,-0.401162,93.029514,-25.364297,-97.789403
62962,NaN,4.223866,8.946291,-0.466658,-0.003554,0.021478,0.091578,-0.006517,0.004651,-0.002164,0.561425,0.351508,-0.632700,-0.401167,93.028181,-25.366022,-97.790841
62963,NaN,4.213978,8.933013,-0.447940,-0.020753,0.026928,0.074467,-0.004673,0.007938,-0.002812,0.561439,0.351504,-0.632694,-0.401161,93.026906,-25.367261,-97.789377
62964,NaN,4.255141,8.937333,-0.421617,-0.051446,-0.005075,0.094746,-0.006863,0.007400,-0.004220,0.561453,0.351492,-0.632679,-0.401174,93.023520,-25.367284,-97.788369
62965,NaN,4.221803,8.913135,-0.456775,-0.012277,0.010314,0.060305,-0.006460,0.006439,-0.005876,0.561459,0.351489,-0.632669,-0.401185,93.021582,-25.366725,-97.787751
62966,NaN,4.215244,8.942668,-0.404252,-0.063243,0.034678,0.081645,-0.002021,0.009303,-0.006769,0.561464,0.351504,-0.632658,-0.401182,93.021114,-25.365703,-97.785602
62967,NaN,4.214675,8.942977,-0.403364,-0.063736,0.035203,0.081640,-0.008189,0.011205,-0.006881,0.561486,0.351509,-0.632629,-0.401193,93.016879,-25.364713,-97.781932
62968,NaN,4.212924,8.909582,-0.395138,-0.071582,0.023094,0.050368,-0.002250,0.006651,-0.006972,0.561480,0.351514,-0.632628,-0.401198,93.017126,-25.363634,-97.782232
62969,NaN,4.223184,8.957005,-0.420186,-0.047997,0.031341,0.098745,0.003170,0.008459,-0.007262,0.561473,0.351547,-0.632629,-0.401179,93.020138,-25.362342,-97.780288
62970,NaN,4.203003,8.930550,-0.384035,-0.081822,0.041723,0.064509,-0.002421,0.005788,-0.010887,0.561455,0.351558,-0.632624,-0.401202,93.020218,-25.358961,-97.781594
62971,NaN,4.231270,8.912824,-0.381439,-0.088175,0.008459,0.060495,-0.000806,0.006422,-0.011736,0.561439,0.351589,-0.632614,-0.401211,93.021441,-25.355048,-97.780791
62972,NaN,4.220377,8.958370,-0.419298,-0.049407,0.032922,0.098733,0.001789,0.006001,-0.011982,0.561418,0.351629,-0.632610,-0.401212,93.024206,-25.351000,-97.780010
62973,NaN,4.218314,8.925096,-0.411792,-0.057276,0.020792,0.067463,0.000751,0.005269,-0.008875,0.561402,0.351653,-0.632613,-0.401210,93.026674,-25.348689,-97.780033
62974,NaN,4.198029,8.957063,-0.431829,-0.035075,0.050123,0.088584,-0.000113,0.000925,-0.007625,0.561372,0.351651,-0.632628,-0.401228,93.028931,-25.346744,-97.784276
62975,NaN,4.206902,8.970875,-0.449720,-0.018875,0.045721,0.105701,0.003000,0.007595,-0.011178,0.561355,0.351694,-0.632624,-0.401222,93.032024,-25.343186,-97.782749
62976,NaN,4.235214,8.953135,-0.447373,-0.025151,0.012459,0.101697,-0.001667,0.002078,-0.010489,0.561323,0.351694,-0.632633,-0.401251,93.033411,-25.339931,-97.787000
62977,NaN,4.205135,8.971712,-0.449558,-0.019776,0.046772,0.105694,0.002483,0.000503,-0.007871,0.561291,0.351711,-0.632654,-0.401250,93.038176,-25.338050,-97.790073
62978,NaN,4.214143,8.985463,-0.467417,-0.003523,0.042342,0.122815,-0.000633,0.007285,-0.007826,0.561286,0.351730,-0.632648,-0.401248,93.038930,-25.336284,-97.788861
62979,NaN,4.203852,8.972341,-0.448997,-0.020706,0.047792,0.105687,-0.003861,0.006013,-0.006128,0.561286,0.351735,-0.632644,-0.401252,93.038593,-25.335568,-97.788504
62980,NaN,4.221585,8.965762,-0.476890,0.004870,0.025742,0.108674,-0.003861,0.006013,-0.006129,0.561289,0.351744,-0.632634,-0.401255,93.037789,-25.334558,-97.787084
62981,NaN,4.211307,8.952639,-0.458347,-0.012311,0.031190,0.091545,-0.003226,0.007705,-0.007582,0.561290,0.351758,-0.632623,-0.401258,93.037336,-25.333061,-97.785608
62982,NaN,4.231444,8.955039,-0.444929,-0.027969,0.015503,0.101685,-0.003631,0.008665,-0.005928,0.561299,0.351768,-0.632611,-0.401256,93.036224,-25.332491,-97.783380
62983,NaN,4.210276,8.953202,-0.456835,-0.013270,0.032224,0.091540,-0.005996,0.011737,-0.005482,0.561322,0.351775,-0.632587,-0.401254,93.033122,-25.332318,-97.779422
62984,NaN,4.230573,8.955551,-0.442895,-0.028892,0.016540,0.101681,-0.010433,0.008870,-0.004591,0.561343,0.351754,-0.632566,-0.401277,93.027839,-25.332553,-97.778311
62985,NaN,4.232367,8.964834,-0.400817,-0.070583,0.023388,0.108820,-0.001432,0.004729,-0.010290,0.561326,0.351776,-0.632563,-0.401287,93.029181,-25.329417,-97.778628
62986,NaN,4.198854,8.940708,-0.436286,-0.031362,0.038739,0.074400,-0.006223,0.009085,-0.005685,0.561337,0.351771,-0.632550,-0.401296,93.026670,-25.329238,-97.777381
62987,NaN,4.200821,8.949897,-0.394279,-0.073051,0.045590,0.081533,-0.002649,0.007608,-0.005325,0.561341,0.351779,-0.632545,-0.401290,93.026606,-25.329029,-97.776042
62988,NaN,4.208938,8.929863,-0.404326,-0.064179,0.028524,0.067401,-0.002878,0.004957,-0.005527,0.561334,0.351774,-0.632550,-0.401299,93.026838,-25.328689,-97.777620
62989,NaN,4.218237,8.943518,-0.421668,-0.047993,0.024124,0.084533,-0.006107,0.003684,-0.003831,0.561335,0.351760,-0.632551,-0.401307,93.025877,-25.329216,-97.778815
62990,NaN,4.219030,8.977419,-0.428331,-0.041093,0.037355,0.115790,-0.006106,0.003684,-0.003831,0.561330,0.351734,-0.632559,-0.401324,93.024734,-25.329934,-97.781806
62991,NaN,4.218513,8.977689,-0.427763,-0.041588,0.037881,0.115785,-0.003679,0.002401,-0.007990,0.561314,0.351737,-0.632562,-0.401339,93.025452,-25.328043,-97.783674
62992,NaN,4.197441,8.975786,-0.440024,-0.026832,0.054560,0.105638,-0.004324,0.005183,-0.000764,0.561325,0.351723,-0.632565,-0.401331,93.024830,-25.330232,-97.783594
62993,NaN,4.205906,8.955597,-0.450097,-0.018008,0.037481,0.091514,-0.001095,0.006456,-0.002461,0.561328,0.351724,-0.632572,-0.401315,93.026010,-25.331627,-97.783080
62994,NaN,4.226456,8.957796,-0.436761,-0.033654,0.021828,0.101656,-0.005303,0.006239,-0.001370,0.561337,0.351700,-0.632576,-0.401318,93.024518,-25.333715,-97.784135
62995,NaN,4.197006,8.976075,-0.438284,-0.028257,0.056140,0.105625,-0.004897,0.005279,-0.003025,0.561342,0.351690,-0.632577,-0.401317,93.023830,-25.334752,-97.784348
62996,NaN,4.215149,8.969355,-0.466129,-0.002751,0.034130,0.108649,-0.004324,0.005183,-0.000765,0.561352,0.351675,-0.632582,-0.401308,93.023447,-25.337061,-97.784333
62997,NaN,4.244334,8.951275,-0.463166,-0.009139,0.000867,0.104678,-0.006282,0.007294,-0.001976,0.561369,0.351662,-0.632576,-0.401305,93.021434,-25.338759,-97.783305
62998,NaN,4.223522,8.949275,-0.475069,0.005627,0.017547,0.094533,-0.008125,0.004006,-0.001330,0.561379,0.351633,-0.632577,-0.401315,93.018933,-25.340640,-97.784476
62999,NaN,4.234158,8.938143,-0.443362,-0.026748,0.006814,0.087530,-0.008406,0.008544,-0.007103,0.561393,0.351633,-0.632554,-0.401332,93.015291,-25.339442,-97.782486
63000,NaN,4.225058,8.958695,-0.431837,-0.036467,0.024879,0.101639,-0.005239,0.008028,-0.005085,0.561406,0.351635,-0.632539,-0.401336,93.012986,-25.339056,-97.780386
63001,NaN,4.222388,8.949958,-0.472265,0.004237,0.019045,0.094531,-0.006281,0.007294,-0.001977,0.561422,0.351622,-0.632533,-0.401334,93.010973,-25.340753,-97.779358
63002,NaN,4.223339,8.925344,-0.422795,-0.044764,0.013229,0.070376,-0.006446,0.006432,-0.005894,0.561427,0.351616,-0.632523,-0.401348,93.008793,-25.340177,-97.779172
63003,NaN,4.224067,8.959285,-0.429270,-0.037910,0.026446,0.101629,-0.005644,0.008986,-0.003431,0.561445,0.351612,-0.632512,-0.401344,93.006666,-25.341093,-97.777024
63004,NaN,4.193414,8.943881,-0.423389,-0.039821,0.048095,0.074329,-0.004894,0.005279,-0.003028,0.561445,0.351591,-0.632518,-0.401352,93.005832,-25.342325,-97.778940
63005,NaN,4.223636,8.959559,-0.427797,-0.038871,0.027528,0.101622,-0.005301,0.006237,-0.001373,0.561458,0.351576,-0.632519,-0.401347,93.004675,-25.344336,-97.778601
63006,NaN,4.195541,8.952959,-0.380751,-0.081986,0.055490,0.081413,-0.004322,0.005182,-0.000768,0.561469,0.351565,-0.632522,-0.401335,93.004250,-25.346564,-97.778060
63007,NaN,4.213620,8.946291,-0.408831,-0.056502,0.033477,0.084461,0.000930,0.006134,-0.004964,0.561463,0.351579,-0.632529,-0.401320,93.006641,-25.346517,-97.777667
63008,NaN,4.213211,8.946486,-0.408768,-0.056951,0.033999,0.084456,0.001680,0.002427,-0.004561,0.561442,0.351580,-0.632551,-0.401315,93.010188,-25.346606,-97.780616
63009,NaN,4.233719,8.948679,-0.395818,-0.072668,0.018358,0.094597,-0.002364,0.003070,0.000444,0.561443,0.351562,-0.632569,-0.401300,93.011599,-25.349562,-97.782343
63010,NaN,4.210565,8.937745,-0.449517,-0.016709,0.028665,0.077363,-0.002300,0.004860,-0.003271,0.561442,0.351557,-0.632576,-0.401295,93.012312,-25.350434,-97.782931
63011,NaN,4.220007,8.951357,-0.467007,-0.000546,0.024269,0.094520,-0.002299,0.004860,-0.003271,0.561441,0.351554,-0.632583,-0.401288,93.013222,-25.351318,-97.783402
63012,NaN,4.209948,8.938075,-0.448736,-0.017591,0.029676,0.077359,-0.001892,0.003901,-0.004926,0.561430,0.351546,-0.632592,-0.401296,93.013921,-25.351102,-97.785736
63013,NaN,4.227825,8.931511,-0.476881,0.007885,0.007654,0.080426,-0.000048,0.007190,-0.005571,0.561428,0.351562,-0.632593,-0.401284,93.015456,-25.350740,-97.784654
63014,NaN,4.221166,8.960869,-0.424741,-0.043086,0.032189,0.101591,-0.000684,0.005497,-0.004118,0.561423,0.351563,-0.632601,-0.401277,93.016871,-25.351183,-97.785245
63015,NaN,4.229266,8.940875,-0.434900,-0.034264,0.015085,0.087498,-0.003441,0.005054,-0.007795,0.561415,0.351572,-0.632598,-0.401286,93.017010,-25.349484,-97.785442
63016,NaN,4.207990,8.939064,-0.447387,-0.019491,0.031772,0.077349,-0.000505,0.001887,-0.005976,0.561394,0.351570,-0.632614,-0.401291,93.019503,-25.348785,-97.788542
63017,NaN,4.228257,8.941386,-0.434197,-0.035218,0.016138,0.087493,-0.003048,0.008566,-0.003676,0.561405,0.351574,-0.632608,-0.401281,93.018973,-25.349549,-97.786652
63018,NaN,4.209341,8.948473,-0.405130,-0.061612,0.039201,0.084409,-0.004010,0.005150,-0.010058,0.561393,0.351582,-0.632601,-0.401304,93.018316,-25.346537,-97.787628
63019,NaN,4.226973,8.942051,-0.433004,-0.036142,0.017174,0.087488,-0.003847,0.006011,-0.006141,0.561392,0.351586,-0.632596,-0.401308,93.017985,-25.345814,-97.787274
63020,NaN,4.226362,8.942361,-0.432569,-0.036594,0.017689,0.087485,-0.000845,0.004635,-0.008037,0.561378,0.351598,-0.632599,-0.401314,93.019448,-25.343942,-97.788124
63021,NaN,4.202593,8.931733,-0.486303,0.019349,0.027963,0.070277,-0.003030,0.004095,-0.009453,0.561363,0.351611,-0.632596,-0.401328,93.020057,-25.341266,-97.788872
63022,NaN,4.206532,8.949875,-0.403337,-0.063475,0.041276,0.084389,-0.002460,0.003997,-0.007191,0.561349,0.351611,-0.632600,-0.401341,93.020626,-25.339838,-97.790794
63023,NaN,4.225371,8.977121,-0.438750,-0.030681,0.031966,0.118727,-0.001253,0.005593,-0.006382,0.561342,0.351623,-0.632601,-0.401338,93.021891,-25.338964,-97.790696
63024,NaN,4.213986,8.930214,-0.413168,-0.055115,0.024682,0.070301,-0.002459,0.003997,-0.007191,0.561330,0.351627,-0.632604,-0.401346,93.022688,-25.337578,-97.791882
63025,NaN,4.214368,8.964280,-0.420220,-0.048281,0.037929,0.101547,0.000772,0.005273,-0.008885,0.561314,0.351652,-0.632606,-0.401345,93.025164,-25.335262,-97.791903
63026,NaN,4.205146,8.984819,-0.409285,-0.058028,0.056095,0.115617,-0.004482,0.004317,-0.004690,0.561310,0.351638,-0.632610,-0.401356,93.024570,-25.335352,-97.793751
63027,NaN,4.219593,8.935710,-0.471085,0.001305,0.014921,0.080420,-0.005052,0.004414,-0.006953,0.561304,0.351638,-0.632606,-0.401369,93.023969,-25.334116,-97.794381
63028,NaN,4.210369,8.956254,-0.460070,-0.008452,0.033066,0.094491,-0.001480,0.002942,-0.006586,0.561289,0.351642,-0.632614,-0.401376,93.025488,-25.332966,-97.796224
63029,NaN,4.240222,8.972127,-0.464772,-0.007557,0.012532,0.121816,-0.002867,0.004955,-0.005537,0.561285,0.351644,-0.632616,-0.401376,93.026013,-25.332556,-97.796558
63030,NaN,4.218112,8.936475,-0.469839,-0.000110,0.016492,0.080418,-0.002297,0.004858,-0.003275,0.561281,0.351635,-0.632626,-0.401374,93.026854,-25.333589,-97.798035
63031,NaN,4.209151,8.956895,-0.458729,-0.009917,0.034661,0.094484,-0.004253,0.006968,-0.004489,0.561287,0.351635,-0.632621,-0.401372,93.026055,-25.333840,-97.797130
63032,NaN,4.209877,8.990814,-0.465436,-0.003058,0.047926,0.125729,-0.003275,0.005913,-0.003882,0.561287,0.351626,-0.632625,-0.401374,93.025918,-25.334482,-97.797951
63033,NaN,4.190111,8.964024,-0.429174,-0.036818,0.058281,0.091362,-0.003503,0.003262,-0.004085,0.561282,0.351619,-0.632633,-0.401376,93.026559,-25.334852,-97.799407
63034,NaN,4.216909,8.937146,-0.467869,-0.001990,0.018566,0.080414,0.001094,0.006996,-0.001049,0.561286,0.351620,-0.632644,-0.401352,93.028453,-25.336983,-97.798858
63035,NaN,4.187613,8.955269,-0.469818,0.003459,0.052874,0.084326,-0.002137,0.005719,0.000643,0.561295,0.351607,-0.632656,-0.401332,93.029278,-25.340133,-97.798917
63036,NaN,4.238864,8.914437,-0.405553,-0.066675,-0.002858,0.066340,-0.005936,0.004539,0.000073,0.561305,0.351578,-0.632662,-0.401333,93.027744,-25.342790,-97.800281
63037,NaN,4.208334,8.957422,-0.455936,-0.012709,0.037754,0.094470,-0.000749,0.003706,-0.000405,0.561303,0.351568,-0.632680,-0.401315,93.029895,-25.345279,-97.801579
63038,NaN,4.237633,8.939331,-0.453323,-0.019139,0.004495,0.090559,-0.003343,0.004122,-0.000167,0.561309,0.351551,-0.632693,-0.401304,93.030400,-25.347943,-97.802530
63039,NaN,4.198409,8.944073,-0.437183,-0.030313,0.043719,0.077276,-0.004479,0.004317,-0.004693,0.561307,0.351545,-0.632694,-0.401308,93.030186,-25.347997,-97.803297
63040,NaN,4.226426,8.950885,-0.482835,0.011808,0.016722,0.097597,-0.005139,0.007093,0.002537,0.561331,0.351522,-0.632697,-0.401291,93.028607,-25.352108,-97.802141
63041,NaN,4.206941,8.923954,-0.446479,-0.021936,0.027072,0.063215,-0.003501,0.003262,-0.004086,0.561326,0.351515,-0.632705,-0.401292,93.029248,-25.352477,-97.803597
63042,NaN,4.249017,8.962096,-0.427757,-0.045643,0.008103,0.114756,0.000527,0.007093,-0.003313,0.561326,0.351524,-0.632712,-0.401273,93.031182,-25.353498,-97.802848
63043,NaN,4.227012,8.926395,-0.432847,-0.038184,0.012007,0.073359,-0.003044,0.008564,-0.003682,0.561337,0.351527,-0.632706,-0.401263,93.030654,-25.354258,-97.800961
63044,NaN,4.217990,8.946833,-0.421683,-0.048001,0.030233,0.087406,-0.002634,0.007606,-0.005338,0.561339,0.351530,-0.632705,-0.401260,93.030705,-25.354270,-97.800492
63045,NaN,4.238223,8.949181,-0.408349,-0.063761,0.014635,0.097552,-0.001656,0.006551,-0.004731,0.561339,0.351537,-0.632706,-0.401252,93.031503,-25.354370,-97.799844
63046,NaN,4.246622,8.929092,-0.418461,-0.054905,-0.002482,0.083502,-0.002704,0.005815,-0.001622,0.561341,0.351519,-0.632717,-0.401248,93.031726,-25.356370,-97.801353
63047,NaN,4.226572,8.960940,-0.438016,-0.032824,0.026915,0.104591,-0.005612,0.004510,-0.009223,0.561332,0.351525,-0.632708,-0.401269,93.030746,-25.353838,-97.801846
63048,NaN,4.206334,8.934337,-0.401856,-0.066493,0.037245,0.070192,0.000780,0.005275,-0.008888,0.561315,0.351544,-0.632711,-0.401272,93.032828,-25.351454,-97.802502
63049,NaN,4.213045,8.939345,-0.460607,-0.009168,0.026396,0.080392,-0.004406,0.006106,-0.008414,0.561311,0.351554,-0.632701,-0.401284,93.032118,-25.349433,-97.802012
63050,NaN,4.204795,8.935099,-0.401033,-0.067372,0.038225,0.070182,-0.000425,0.003678,-0.009699,0.561291,0.351573,-0.632701,-0.401297,93.033602,-25.346286,-97.803039
63051,NaN,4.225696,8.971354,-0.395183,-0.075835,0.035391,0.111569,-0.001812,0.005690,-0.008652,0.561281,0.351590,-0.632697,-0.401302,93.034487,-25.344116,-97.802805
63052,NaN,4.212853,8.949411,-0.418298,-0.051645,0.034327,0.087374,0.000215,0.005372,-0.011154,0.561258,0.351611,-0.632695,-0.401318,93.035944,-25.340377,-97.803814
63053,NaN,4.209679,8.941000,-0.459273,-0.010938,0.028381,0.080385,-0.001172,0.007383,-0.010107,0.561250,0.351638,-0.632685,-0.401322,93.036715,-25.337426,-97.802458
63054,NaN,4.200142,8.961646,-0.448400,-0.020734,0.046604,0.094419,-0.000422,0.003678,-0.009701,0.561226,0.351653,-0.632691,-0.401332,93.038904,-25.334755,-97.804381
63055,NaN,4.207968,8.941831,-0.458776,-0.011915,0.029454,0.080381,-0.000422,0.003678,-0.009701,0.561205,0.351673,-0.632694,-0.401339,93.041115,-25.331924,-97.805385
63056,NaN,4.208334,8.975889,-0.465868,-0.005054,0.042711,0.111618,-0.000266,0.004538,-0.005781,0.561195,0.351682,-0.632700,-0.401336,93.042854,-25.331237,-97.805959
63057,NaN,4.186959,8.974095,-0.478546,0.009734,0.059343,0.101464,-0.001854,-0.000570,-0.010714,0.561161,0.351693,-0.632710,-0.401358,93.045380,-25.327697,-97.809618
63058,NaN,4.217781,8.965236,-0.434837,-0.037902,0.032534,0.104556,-0.000494,0.001887,-0.005984,0.561145,0.351703,-0.632720,-0.401355,93.047883,-25.326804,-97.810972
63059,NaN,4.194423,8.954463,-0.488753,0.018088,0.042684,0.087430,-0.001882,0.003899,-0.004936,0.561137,0.351704,-0.632728,-0.401353,93.049266,-25.326706,-97.811996
63060,NaN,4.185349,8.974886,-0.477794,0.008312,0.060854,0.101456,-0.003498,0.003259,-0.004091,0.561134,0.351701,-0.632733,-0.401354,93.049699,-25.326917,-97.812800
63061,NaN,4.205651,8.977225,-0.464360,-0.007465,0.045272,0.111606,-0.006091,0.003673,-0.003854,0.561134,0.351687,-0.632735,-0.401362,93.048747,-25.327431,-97.814003
63062,NaN,4.214169,8.957122,-0.474231,0.001382,0.028121,0.097578,-0.004093,0.007824,-0.000577,0.561150,0.351671,-0.632736,-0.401352,93.047691,-25.330001,-97.813387
63063,NaN,4.195500,8.963988,-0.445031,-0.025025,0.051235,0.094386,-0.006428,0.006421,-0.005918,0.561155,0.351668,-0.632726,-0.401363,93.045772,-25.329418,-97.812782
63064,NaN,4.214923,8.932535,-0.423994,-0.048072,0.022879,0.073297,-0.007324,0.006544,0.001113,0.561177,0.351640,-0.632726,-0.401357,93.043256,-25.332856,-97.812404
63065,NaN,4.215878,8.966351,-0.430293,-0.041276,0.036179,0.104530,-0.008455,0.006738,-0.003417,0.561193,0.351624,-0.632715,-0.401367,93.040126,-25.333713,-97.811682
63066,NaN,4.206082,8.952909,-0.411531,-0.058370,0.041618,0.087309,-0.004503,0.008781,0.001078,0.561218,0.351611,-0.632713,-0.401346,93.038783,-25.337238,-97.809502
63067,NaN,4.218153,8.975249,-0.387239,-0.083467,0.043732,0.111474,-0.007323,0.006544,0.001112,0.561240,0.351583,-0.632713,-0.401339,93.036419,-25.340681,-97.809055
63068,NaN,4.204012,8.944080,-0.451139,-0.018035,0.036112,0.080349,-0.005295,0.006227,-0.001390,0.561250,0.351561,-0.632713,-0.401344,93.034471,-25.342446,-97.809640
63069,NaN,4.214863,8.932766,-0.419705,-0.050417,0.025447,0.073279,-0.004091,0.007824,-0.000579,0.561267,0.351551,-0.632713,-0.401329,93.033588,-25.344960,-97.808326
63070,NaN,4.203798,8.944254,-0.449682,-0.018960,0.037118,0.080344,-0.005860,0.006324,-0.003655,0.561277,0.351541,-0.632706,-0.401335,93.031642,-25.345489,-97.807748
63071,NaN,4.235152,8.935145,-0.405280,-0.066639,0.010362,0.083425,-0.005067,0.008877,-0.001189,0.561298,0.351532,-0.632700,-0.401323,93.029905,-25.347686,-97.805746
63072,NaN,4.211089,8.949136,-0.507299,0.037865,0.026741,0.090620,-0.004318,0.005173,-0.000782,0.561308,0.351518,-0.632705,-0.401314,93.029507,-25.349963,-97.805810
63073,NaN,4.222961,8.912969,-0.427487,-0.043001,0.009800,0.059254,-0.003494,0.003259,-0.004094,0.561302,0.351511,-0.632713,-0.401316,93.030152,-25.350327,-97.807268
63074,NaN,4.203075,8.944726,-0.447033,-0.020900,0.039195,0.080332,-0.004654,0.007920,-0.002845,0.561317,0.351508,-0.632706,-0.401308,93.028787,-25.351526,-97.805380
63075,NaN,4.232061,8.926855,-0.444123,-0.027381,0.005933,0.076475,-0.002854,0.004953,-0.005548,0.561313,0.351511,-0.632707,-0.401309,93.029319,-25.351109,-97.805716
63076,NaN,4.221870,8.913568,-0.425772,-0.044430,0.011388,0.059246,-0.002626,0.007604,-0.005346,0.561312,0.351508,-0.632708,-0.401313,93.029081,-25.351055,-97.806130
63077,NaN,4.251722,8.929516,-0.430089,-0.043638,-0.009081,0.086625,-0.004806,0.007061,-0.006768,0.561315,0.351514,-0.632698,-0.401320,93.027905,-25.350004,-97.805092
63078,NaN,4.221598,8.947982,-0.431737,-0.038099,0.025224,0.090473,-0.003341,0.006842,-0.011535,0.561304,0.351534,-0.632683,-0.401339,93.027302,-25.346228,-97.804566
63079,NaN,4.212161,8.968547,-0.420826,-0.047904,0.043448,0.104471,0.000716,0.003486,-0.005174,0.561290,0.351543,-0.632697,-0.401330,93.030282,-25.345982,-97.805844
63080,NaN,4.220235,8.948665,-0.430903,-0.039030,0.026238,0.090467,-0.006344,0.008212,-0.009645,0.561295,0.351556,-0.632673,-0.401350,93.027489,-25.343172,-97.803699
63081,NaN,4.219370,8.949103,-0.430284,-0.039523,0.026763,0.090463,-0.001387,0.004735,-0.010316,0.561278,0.351577,-0.632670,-0.401359,93.028851,-25.340021,-97.804014
63082,NaN,4.190140,9.001328,-0.439611,-0.026677,0.073827,0.125535,0.001434,0.006972,-0.010349,0.561264,0.351610,-0.632664,-0.401360,93.030743,-25.336727,-97.802956
63083,NaN,4.207940,8.936388,-0.411987,-0.057021,0.032672,0.073222,-0.000822,0.004637,-0.008051,0.561250,0.351626,-0.632666,-0.401362,93.032488,-25.334869,-97.803409
63084,NaN,4.208334,8.970437,-0.418814,-0.050212,0.045994,0.104449,-0.003827,0.006006,-0.006161,0.561248,0.351627,-0.632662,-0.401369,93.031965,-25.334130,-97.803421
63085,NaN,4.187164,8.968553,-0.431360,-0.035393,0.062596,0.094289,0.001358,0.005180,-0.006630,0.561235,0.351646,-0.632670,-0.401359,93.034832,-25.333102,-97.803577
63086,NaN,4.205154,8.962115,-0.459699,-0.009969,0.040516,0.097530,0.001921,0.005083,-0.004363,0.561223,0.351654,-0.632684,-0.401345,93.037930,-25.333429,-97.804549
63087,NaN,4.216723,8.984637,-0.436005,-0.035088,0.042674,0.121673,-0.002288,0.004855,-0.003286,0.561222,0.351651,-0.632692,-0.401338,93.038845,-25.334304,-97.805024
63088,NaN,4.213454,8.942148,-0.469672,-0.001602,0.023849,0.083535,-0.002365,0.003063,0.000435,0.561222,0.351628,-0.632711,-0.401328,93.039984,-25.337265,-97.807382
63089,NaN,4.193683,8.973811,-0.489634,0.020487,0.053252,0.104608,0.001921,0.005083,-0.004363,0.561212,0.351641,-0.632724,-0.401311,93.043232,-25.337531,-97.807677
63090,NaN,4.213128,8.942332,-0.469099,-0.002544,0.024871,0.083533,-0.005933,0.004529,0.000058,0.561223,0.351616,-0.632729,-0.401308,93.041903,-25.340212,-97.808483
63091,NaN,4.233810,8.944497,-0.455500,-0.018356,0.009323,0.093686,-0.004730,0.006126,0.000870,0.561239,0.351595,-0.632735,-0.401295,93.041133,-25.343503,-97.808294
63092,NaN,4.215371,8.951171,-0.426454,-0.044682,0.032426,0.090425,-0.004317,0.005170,-0.000786,0.561249,0.351580,-0.632739,-0.401288,93.040477,-25.345646,-97.808356
63093,NaN,4.222915,8.955954,-0.484978,0.012600,0.021499,0.100774,-0.004316,0.005170,-0.000786,0.561257,0.351565,-0.632746,-0.401280,93.040180,-25.347961,-97.808715
63094,NaN,4.213067,8.942498,-0.466462,-0.004435,0.026927,0.083527,-0.006495,0.004626,-0.002210,0.561263,0.351542,-0.632749,-0.401287,93.038583,-25.349484,-97.810001
63095,NaN,4.233747,8.944662,-0.452858,-0.020252,0.011384,0.093680,-0.004167,0.006028,0.003136,0.561282,0.351516,-0.632760,-0.401266,93.038195,-25.354070,-97.809949
63096,NaN,4.233877,8.944631,-0.452241,-0.020738,0.011916,0.093679,-0.004316,0.005169,-0.000787,0.561290,0.351499,-0.632767,-0.401258,93.037856,-25.356442,-97.810383
63097,NaN,4.203609,8.928932,-0.446420,-0.022473,0.033404,0.066272,-0.006638,0.014489,0.001707,0.561337,0.351487,-0.632747,-0.401234,93.033738,-25.360466,-97.804926
63098,NaN,4.225159,8.964916,-0.439693,-0.030978,0.030653,0.107651,-0.006828,0.007374,-0.004276,0.561351,0.351479,-0.632734,-0.401242,93.030962,-25.360711,-97.803831
63099,NaN,4.223879,8.931348,-0.431491,-0.038727,0.018356,0.076422,-0.007241,0.008329,-0.002621,0.561371,0.351467,-0.632723,-0.401243,93.028106,-25.362071,-97.802129
63100,NaN,4.235436,8.953887,-0.407099,-0.063879,0.020579,0.100548,-0.005210,0.008015,-0.005121,0.561379,0.351465,-0.632715,-0.401245,93.026616,-25.362180,-97.801083
63101,NaN,4.225427,8.940493,-0.388513,-0.080936,0.026004,0.083289,-0.005290,0.006222,-0.001400,0.561391,0.351450,-0.632715,-0.401240,93.025467,-25.364176,-97.800755
63102,NaN,4.242638,8.900269,-0.409026,-0.062777,-0.008942,0.055344,-0.002618,0.007603,-0.005353,0.561397,0.351460,-0.632708,-0.401235,93.025204,-25.363859,-97.799074
63103,NaN,4.233462,8.920682,-0.398081,-0.072580,0.009307,0.069310,0.000950,0.006138,-0.004974,0.561391,0.351474,-0.632715,-0.401220,93.027601,-25.363807,-97.798680
63104,NaN,4.222097,8.932336,-0.428485,-0.041134,0.020974,0.076407,-0.002203,0.006647,-0.007010,0.561387,0.351483,-0.632711,-0.401224,93.027724,-25.362555,-97.798373
63105,NaN,4.221484,8.932646,-0.428053,-0.041626,0.021497,0.076404,-0.002430,0.003997,-0.007212,0.561375,0.351491,-0.632714,-0.401230,93.028733,-25.361158,-97.799260
63106,NaN,4.223040,8.941702,-0.386634,-0.083297,0.028622,0.083263,0.003314,0.003076,-0.005408,0.561351,0.351498,-0.632737,-0.401221,93.033167,-25.360920,-97.802122
63107,NaN,4.230084,8.946752,-0.445749,-0.026029,0.017670,0.093658,-0.001041,0.001988,-0.008257,0.561328,0.351508,-0.632746,-0.401229,93.035501,-25.358864,-97.804246
63108,NaN,4.198984,8.931392,-0.440695,-0.027665,0.039115,0.066238,0.000804,0.005280,-0.008899,0.561310,0.351527,-0.632749,-0.401234,93.037499,-25.356435,-97.805018
63109,NaN,4.226559,8.938652,-0.486691,0.014263,0.012107,0.086798,-0.001454,0.002943,-0.006602,0.561295,0.351533,-0.632757,-0.401237,93.039361,-25.355355,-97.806592
63110,NaN,4.237648,8.961374,-0.462948,-0.010852,0.014317,0.110915,-0.001600,0.002085,-0.010526,0.561268,0.351545,-0.632762,-0.401256,93.041128,-25.352036,-97.809193
63111,NaN,4.189194,8.986311,-0.436542,-0.031176,0.071258,0.111407,-0.002056,0.007504,-0.003088,0.561275,0.351548,-0.632763,-0.401243,93.041459,-25.353105,-97.807998
63112,NaN,4.225788,8.973288,-0.492823,0.020110,0.026489,0.118020,-0.002201,0.006646,-0.007013,0.561272,0.351559,-0.632757,-0.401246,93.041514,-25.351807,-97.807300
63113,NaN,4.198905,8.975505,-0.404627,-0.064000,0.061136,0.104287,-0.006328,0.008207,-0.009662,0.561276,0.351571,-0.632735,-0.401264,93.039112,-25.349136,-97.805439
63114,NaN,4.196221,8.967032,-0.445225,-0.023147,0.055007,0.097438,-0.001413,0.009199,-0.004544,0.561281,0.351571,-0.632731,-0.401265,93.038393,-25.349171,-97.804829
63115,NaN,4.236090,8.937809,-0.411689,-0.061573,0.010605,0.086529,-0.000438,0.008146,-0.003932,0.561285,0.351582,-0.632732,-0.401248,93.039465,-25.349776,-97.803199
63116,NaN,4.206354,8.956021,-0.413451,-0.055913,0.044865,0.090319,-0.005206,0.008012,-0.005127,0.561293,0.351574,-0.632721,-0.401260,93.037069,-25.349508,-97.802724
63117,NaN,4.224424,8.949651,-0.441196,-0.030551,0.022749,0.093634,-0.002841,0.004951,-0.005560,0.561289,0.351577,-0.632723,-0.401261,93.037607,-25.349085,-97.803062
63118,NaN,4.193607,8.934156,-0.435866,-0.032149,0.044136,0.066203,-0.002841,0.004951,-0.005560,0.561288,0.351584,-0.632719,-0.401262,93.037505,-25.348319,-97.802517
63119,NaN,4.252875,8.932128,-0.437852,-0.037490,-0.010057,0.089840,-0.004458,0.004308,-0.004718,0.561286,0.351578,-0.632720,-0.401267,93.037302,-25.348358,-97.803290
63120,NaN,4.182968,8.921046,-0.417151,-0.049631,0.050074,0.048922,-0.000249,0.004540,-0.005791,0.561274,0.351584,-0.632729,-0.401266,93.039152,-25.347796,-97.804506
63121,NaN,4.231273,8.930468,-0.450090,-0.023081,0.007021,0.079679,-0.002425,0.003995,-0.007217,0.561263,0.351591,-0.632731,-0.401272,93.040163,-25.346395,-97.805393
63122,NaN,4.203339,8.957557,-0.410831,-0.058677,0.047930,0.090289,0.000394,0.006235,-0.007246,0.561251,0.351604,-0.632735,-0.401272,93.041833,-25.345045,-97.805915
63123,NaN,4.230092,8.931054,-0.449562,-0.024013,0.008060,0.079676,-0.000248,0.004540,-0.005791,0.561240,0.351614,-0.632743,-0.401266,93.043963,-25.344477,-97.806505
63124,NaN,4.200235,8.949296,-0.451588,-0.018424,0.042347,0.083456,-0.002840,0.004950,-0.005562,0.561236,0.351616,-0.632743,-0.401268,93.044280,-25.343982,-97.806858
63125,NaN,4.210484,8.938195,-0.420485,-0.050813,0.031736,0.076333,-0.000806,0.004638,-0.008061,0.561222,0.351632,-0.632746,-0.401270,93.046031,-25.342119,-97.807311
63126,NaN,4.218645,8.977005,-0.486286,0.013661,0.033623,0.118009,-0.005847,0.006315,-0.003676,0.561230,0.351622,-0.632742,-0.401273,93.044566,-25.342929,-97.807083
63127,NaN,4.189780,8.970319,-0.439630,-0.029214,0.061691,0.097383,-0.000389,0.003683,-0.009718,0.561209,0.351643,-0.632745,-0.401280,93.046791,-25.340088,-97.808084
63128,NaN,4.231403,9.008697,-0.420428,-0.053134,0.042976,0.148913,-0.006263,0.007269,-0.002020,0.561226,0.351629,-0.632737,-0.401281,93.044322,-25.341556,-97.806983
63129,NaN,4.186760,8.962050,-0.479956,0.011076,0.056069,0.090564,0.000586,0.002630,-0.009105,0.561201,0.351648,-0.632746,-0.401285,93.047399,-25.339033,-97.808671
63130,NaN,4.200212,8.993376,-0.414681,-0.055219,0.064893,0.121461,-0.005704,0.007171,0.000248,0.561222,0.351630,-0.632742,-0.401277,93.045257,-25.341731,-97.807427
63131,NaN,4.227468,8.966696,-0.452844,-0.020564,0.025009,0.110878,-0.004645,0.007912,-0.002864,0.561236,0.351625,-0.632737,-0.401271,93.043997,-25.342941,-97.805982
63132,NaN,4.245756,8.960273,-0.480439,0.004808,0.002875,0.114232,-0.005845,0.006314,-0.003678,0.561245,0.351615,-0.632732,-0.401275,93.042296,-25.343623,-97.805670
63133,NaN,4.217143,8.953466,-0.433383,-0.038055,0.030946,0.093586,-0.006592,0.010016,-0.004091,0.561266,0.351613,-0.632714,-0.401275,93.039332,-25.344194,-97.802852
63134,NaN,4.196191,8.951501,-0.445429,-0.023156,0.047487,0.083423,-0.005201,0.008009,-0.005134,0.561276,0.351612,-0.632704,-0.401279,93.037540,-25.344107,-97.801572
63135,NaN,4.225461,8.933613,-0.442207,-0.029709,0.014229,0.079654,-0.006120,0.008125,0.001903,0.561302,0.351588,-0.632703,-0.401264,93.035445,-25.348050,-97.800152
63136,NaN,4.206865,8.940254,-0.412881,-0.055964,0.037348,0.076286,-0.008435,0.006722,-0.003452,0.561320,0.351575,-0.632688,-0.401274,93.031811,-25.348600,-97.798798
63137,NaN,4.225124,8.933859,-0.440454,-0.030622,0.015215,0.079650,-0.003252,0.005904,-0.003909,0.561322,0.351574,-0.632689,-0.401270,93.031877,-25.349151,-97.798588
63138,NaN,4.236479,8.956435,-0.416221,-0.055761,0.017481,0.103729,-0.006400,0.006411,-0.005951,0.561327,0.351567,-0.632680,-0.401285,93.029752,-25.348535,-97.798533
63139,NaN,4.215562,8.954451,-0.428373,-0.040881,0.034021,0.093565,-0.006486,0.004618,-0.002226,0.561334,0.351548,-0.632681,-0.401288,93.028338,-25.350009,-97.799194
63140,NaN,4.215382,8.954573,-0.427597,-0.041388,0.034578,0.093561,-0.006486,0.004617,-0.002226,0.561341,0.351528,-0.632684,-0.401292,93.027045,-25.351658,-97.800224
63141,NaN,4.204353,8.966121,-0.457620,-0.009982,0.046223,0.100692,-0.004868,0.005261,-0.003068,0.561346,0.351518,-0.632685,-0.401292,93.026371,-25.352670,-97.800450
63142,NaN,4.193428,8.977623,-0.487670,0.021448,0.057841,0.107826,-0.005929,0.004519,0.000043,0.561359,0.351497,-0.632689,-0.401286,93.025157,-25.355313,-97.800591
63143,NaN,4.213014,8.946105,-0.466787,-0.001635,0.029474,0.086772,-0.005285,0.006215,-0.001412,0.561372,0.351482,-0.632690,-0.401281,93.024010,-25.357301,-97.800268
63144,NaN,4.233577,8.948321,-0.453236,-0.017450,0.013954,0.096931,-0.002137,0.005708,0.000631,0.561382,0.351468,-0.632699,-0.401263,93.024444,-25.360297,-97.800274
63145,NaN,4.215121,8.954860,-0.424152,-0.043769,0.037141,0.093541,-0.007092,0.009175,0.001286,0.561412,0.351446,-0.632693,-0.401251,93.021497,-25.363918,-97.798167
63146,NaN,4.224927,8.968484,-0.440997,-0.027762,0.032808,0.110838,-0.005057,0.008865,-0.001211,0.561431,0.351435,-0.632689,-0.401240,93.019906,-25.366275,-97.796566
63147,NaN,4.234768,8.923349,-0.402254,-0.067363,0.009332,0.072483,-0.005701,0.007169,0.000243,0.561450,0.351416,-0.632689,-0.401229,93.018286,-25.369238,-97.795694
63148,NaN,4.253364,8.916822,-0.429853,-0.042016,-0.012806,0.075875,-0.004083,0.007812,-0.000598,0.561467,0.351404,-0.632689,-0.401216,93.017300,-25.371773,-97.794489
63149,NaN,4.222900,8.901131,-0.424466,-0.043639,0.008610,0.048408,-0.002048,0.007502,-0.003095,0.561474,0.351407,-0.632689,-0.401203,93.017634,-25.372836,-97.793295
63150,NaN,4.224309,8.910148,-0.382806,-0.085290,0.015795,0.055167,0.001466,0.006980,-0.010360,0.561456,0.351433,-0.632688,-0.401208,93.019719,-25.369743,-97.793429
63151,NaN,4.242174,8.903952,-0.410900,-0.059962,-0.006350,0.058565,-0.001213,0.005594,-0.006409,0.561449,0.351444,-0.632690,-0.401205,93.021002,-25.368853,-97.793332
63152,NaN,4.221047,8.902067,-0.423268,-0.045017,0.010173,0.048401,-0.007594,0.004813,-0.006772,0.561448,0.351431,-0.632682,-0.401230,93.018521,-25.367764,-97.794650
63153,NaN,4.232158,8.924719,-0.399318,-0.070205,0.012479,0.072460,0.002769,0.003180,-0.007677,0.561424,0.351453,-0.632697,-0.401223,93.022721,-25.366076,-97.796040
63154,NaN,4.211573,8.956753,-0.419383,-0.048115,0.041897,0.093502,-0.001487,0.003883,-0.014264,0.561397,0.351487,-0.632688,-0.401243,93.024260,-25.360645,-97.796338
63155,NaN,4.210453,8.957292,-0.419134,-0.048607,0.042421,0.093498,0.000269,0.005382,-0.011178,0.561377,0.351518,-0.632685,-0.401249,93.026381,-25.357020,-97.796215
63156,NaN,4.209496,8.957752,-0.418918,-0.049057,0.042958,0.093493,-0.001575,0.002089,-0.010539,0.561347,0.351524,-0.632693,-0.401274,93.028092,-25.353755,-97.799857
63157,NaN,4.218304,8.971823,-0.436462,-0.033043,0.038595,0.110801,0.000269,0.005382,-0.011179,0.561327,0.351554,-0.632690,-0.401280,93.030213,-25.350130,-97.799735
63158,NaN,4.197079,8.969958,-0.449122,-0.018100,0.055130,0.100635,-0.003474,0.003253,-0.004115,0.561317,0.351537,-0.632701,-0.401290,93.030630,-25.350613,-97.802693
63159,NaN,4.196424,8.970287,-0.448672,-0.018592,0.055654,0.100631,-0.002320,0.005790,-0.010954,0.561304,0.351560,-0.632692,-0.401303,93.031160,-25.347129,-97.802321
63160,NaN,4.226088,8.986429,-0.452993,-0.017966,0.035331,0.128105,-0.003473,0.003253,-0.004116,0.561295,0.351545,-0.632704,-0.401310,93.031756,-25.347664,-97.805054
63161,NaN,4.185577,8.957216,-0.430136,-0.036063,0.061619,0.083307,-0.000238,0.004542,-0.005797,0.561284,0.351555,-0.632712,-0.401304,93.033891,-25.347093,-97.805644
63162,NaN,4.225248,8.986860,-0.452284,-0.018917,0.036370,0.128100,-0.003247,0.005902,-0.003915,0.561286,0.351552,-0.632713,-0.401302,93.033715,-25.347601,-97.805642
63163,NaN,4.194717,8.971175,-0.446880,-0.020508,0.057768,0.100615,-0.005283,0.006211,-0.001418,0.561298,0.351537,-0.632713,-0.401297,93.032570,-25.349586,-97.805323
63164,NaN,4.223904,8.953362,-0.443837,-0.027030,0.024479,0.096889,-0.003246,0.005902,-0.003915,0.561300,0.351532,-0.632714,-0.401298,93.032187,-25.349991,-97.805567
63165,NaN,4.193358,8.937679,-0.438486,-0.028616,0.045873,0.069403,-0.005509,0.003561,-0.001620,0.561304,0.351512,-0.632721,-0.401299,93.031628,-25.351780,-97.806919
63166,NaN,4.262657,8.949292,-0.458017,-0.017633,-0.013108,0.110486,-0.002047,0.007500,-0.003099,0.561310,0.351513,-0.632723,-0.401286,93.032072,-25.353008,-97.806056
63167,NaN,4.222335,8.919998,-0.434806,-0.035712,0.013170,0.065677,-0.007454,0.005664,-0.002851,0.561322,0.351496,-0.632719,-0.401293,93.029810,-25.354157,-97.806035
63168,NaN,4.221986,8.920193,-0.434202,-0.036147,0.013660,0.065675,-0.000009,0.007192,-0.005596,0.561320,0.351510,-0.632718,-0.401283,93.030972,-25.353641,-97.804926
63169,NaN,4.231309,8.934055,-0.451398,-0.020146,0.009298,0.082997,-0.005190,0.008005,-0.005147,0.561330,0.351511,-0.632707,-0.401285,93.029340,-25.353546,-97.803346
63170,NaN,4.232782,8.943013,-0.409431,-0.061787,0.016529,0.089710,-0.002826,0.004949,-0.005573,0.561322,0.351504,-0.632712,-0.401295,93.029508,-25.353153,-97.805143
63171,NaN,4.200803,8.952567,-0.452730,-0.014966,0.044122,0.086706,-0.002959,0.004094,-0.009502,0.561307,0.351518,-0.632709,-0.401309,93.030152,-25.350448,-97.805894
63172,NaN,4.240254,8.923572,-0.419157,-0.053465,-0.000224,0.075828,-0.002406,0.003995,-0.007231,0.561297,0.351528,-0.632710,-0.401312,93.031155,-25.349046,-97.806279
63173,NaN,4.218031,8.946759,-0.480249,0.009847,0.022479,0.090157,-0.003604,0.002397,-0.008048,0.561281,0.351532,-0.632713,-0.401327,93.031910,-25.347122,-97.808152
63174,NaN,4.188802,8.940047,-0.433736,-0.032882,0.050585,0.069367,-0.002313,0.005790,-0.010959,0.561263,0.351545,-0.632708,-0.401348,93.032176,-25.343720,-97.809329
63175,NaN,4.230047,8.978604,-0.414282,-0.057023,0.032088,0.120891,-0.006613,0.003756,-0.006167,0.561261,0.351537,-0.632704,-0.401365,93.030865,-25.342913,-97.810405
63176,NaN,4.207228,8.967890,-0.468063,-0.000849,0.041855,0.104023,-0.001073,0.006448,-0.002485,0.561261,0.351531,-0.632713,-0.401356,93.031778,-25.344283,-97.810942
63177,NaN,4.186187,8.965926,-0.480858,0.014077,0.058347,0.093857,0.000606,0.002636,-0.009113,0.561236,0.351550,-0.632722,-0.401360,93.034864,-25.341757,-97.812629
63178,NaN,4.198352,8.963456,-0.408607,-0.059464,0.054493,0.093379,-0.001299,0.003799,-0.002687,0.561229,0.351540,-0.632736,-0.401356,93.036241,-25.342873,-97.814573
63179,NaN,4.196300,8.954835,-0.449629,-0.018748,0.048289,0.086681,-0.001719,0.004752,-0.001030,0.561231,0.351532,-0.632748,-0.401341,93.037538,-25.345035,-97.815192
63180,NaN,4.217780,8.990813,-0.443320,-0.027410,0.045748,0.128041,-0.003757,0.005059,0.001466,0.561241,0.351503,-0.632761,-0.401332,93.037129,-25.348533,-97.816580
63181,NaN,4.216924,8.957050,-0.435717,-0.035080,0.033344,0.096838,-0.001719,0.004752,-0.001030,0.561243,0.351495,-0.632773,-0.401317,93.038427,-25.350696,-97.817199
63182,NaN,4.246488,8.939083,-0.432744,-0.041666,0.000061,0.093139,-0.005795,0.005366,0.003962,0.561267,0.351463,-0.632782,-0.401299,93.037094,-25.355592,-97.816961
63183,NaN,4.235853,8.950475,-0.462955,-0.010256,0.011664,0.100312,0.000126,0.008046,-0.001669,0.561274,0.351469,-0.632788,-0.401274,93.038546,-25.357489,-97.815472
63184,NaN,4.207513,8.943331,-0.416148,-0.052937,0.039730,0.079487,-0.010555,0.005225,0.002752,0.561301,0.351422,-0.632786,-0.401280,93.034219,-25.361654,-97.816134
63185,NaN,4.205660,8.934653,-0.456722,-0.012220,0.033513,0.072803,-0.001072,0.006448,-0.002486,0.561305,0.351423,-0.632793,-0.401264,93.035406,-25.363035,-97.815629
63186,NaN,4.226188,8.936892,-0.443123,-0.028071,0.018058,0.082966,-0.006346,0.005464,0.001688,0.561320,0.351386,-0.632800,-0.401263,93.033445,-25.366718,-97.816960
63187,NaN,4.226124,8.936962,-0.442330,-0.028564,0.018582,0.082963,-0.005831,0.006307,-0.003697,0.561329,0.351378,-0.632795,-0.401265,93.031926,-25.367402,-97.816504
63188,NaN,4.257178,8.927877,-0.397857,-0.076339,-0.007935,0.085947,-0.003661,0.006854,-0.002263,0.561336,0.351365,-0.632798,-0.401263,93.031172,-25.368902,-97.816716
63189,NaN,4.205116,8.935051,-0.453947,-0.014062,0.035573,0.072794,-0.005831,0.006306,-0.003698,0.561345,0.351356,-0.632793,-0.401266,93.029653,-25.369585,-97.816260
63190,NaN,4.215568,8.923793,-0.422411,-0.046436,0.025001,0.065610,-0.005830,0.006306,-0.003698,0.561356,0.351351,-0.632785,-0.401266,93.027972,-25.370163,-97.815139
63191,NaN,4.224986,8.937632,-0.439658,-0.030457,0.020643,0.082954,0.000968,0.006141,-0.004982,0.561350,0.351365,-0.632792,-0.401252,93.030374,-25.370106,-97.814745
63192,NaN,4.224636,8.937827,-0.439053,-0.030916,0.021144,0.082951,-0.008420,0.006711,-0.003476,0.561366,0.351350,-0.632780,-0.401262,93.027036,-25.370823,-97.813888
63193,NaN,4.224044,8.938140,-0.438376,-0.031409,0.021667,0.082949,-0.001332,0.004741,-0.010347,0.561348,0.351372,-0.632777,-0.401272,93.028424,-25.367655,-97.814201
63194,NaN,4.223379,8.938470,-0.438051,-0.031892,0.022197,0.082946,-0.001847,0.003897,-0.004962,0.561341,0.351373,-0.632784,-0.401270,93.029774,-25.367582,-97.815188
63195,NaN,4.222789,8.938767,-0.437688,-0.032385,0.022720,0.082943,-0.001751,0.005693,-0.008691,0.561330,0.351391,-0.632781,-0.401275,93.030687,-25.365390,-97.814953
63196,NaN,4.213147,8.959261,-0.426699,-0.042193,0.041103,0.096781,-0.001751,0.005693,-0.008691,0.561319,0.351406,-0.632779,-0.401280,93.031708,-25.363350,-97.815088
63197,NaN,4.242800,8.975450,-0.431018,-0.041662,0.020802,0.124297,-0.001200,0.005594,-0.006418,0.561312,0.351418,-0.632781,-0.401277,93.032996,-25.362456,-97.814992
63198,NaN,4.211743,8.959954,-0.426011,-0.043048,0.042108,0.096773,0.000515,0.008036,-0.010987,0.561296,0.351439,-0.632773,-0.401292,93.033689,-25.358861,-97.815141
63199,NaN,4.231400,8.962602,-0.412442,-0.058984,0.026690,0.106935,-0.005311,0.007147,-0.009088,0.561296,0.351451,-0.632758,-0.401307,93.032162,-25.356486,-97.813972
63200,NaN,4.198763,8.938311,-0.448531,-0.019242,0.041279,0.072763,-0.001070,0.006447,-0.002488,0.561295,0.351443,-0.632768,-0.401298,93.033099,-25.357978,-97.814874
63201,NaN,4.209850,8.960914,-0.424516,-0.044482,0.043697,0.096760,-0.001101,0.007389,-0.010149,0.561286,0.351470,-0.632758,-0.401302,93.033903,-25.355003,-97.813517
63202,NaN,4.208118,8.927565,-0.416967,-0.052033,0.031207,0.065564,-0.002945,0.004094,-0.009512,0.561270,0.351477,-0.632755,-0.401325,93.033886,-25.352037,-97.814993
63203,NaN,4.226986,8.955226,-0.452010,-0.019608,0.021972,0.100280,-0.001198,0.005594,-0.006420,0.561263,0.351489,-0.632756,-0.401322,93.035175,-25.351141,-97.814898
63204,NaN,4.195970,8.939705,-0.446880,-0.021072,0.043302,0.072750,-0.003915,0.005144,-0.010131,0.561250,0.351500,-0.632748,-0.401343,93.034742,-25.348081,-97.815519
63205,NaN,4.204994,8.953757,-0.463885,-0.005107,0.038946,0.090109,-0.005730,0.008098,-0.007434,0.561257,0.351507,-0.632732,-0.401352,93.032741,-25.346681,-97.813804
63206,NaN,4.215266,8.942578,-0.432308,-0.037454,0.028408,0.082911,-0.005827,0.006302,-0.003705,0.561263,0.351490,-0.632730,-0.401363,93.030892,-25.347366,-97.814615
63207,NaN,4.203871,8.954378,-0.462067,-0.006038,0.039986,0.090105,-0.009417,0.008698,-0.011764,0.561269,0.351501,-0.632697,-0.401395,93.026554,-25.343507,-97.812375
63208,NaN,4.213821,8.943360,-0.430221,-0.038409,0.029438,0.082904,-0.007346,0.007451,-0.006598,0.561279,0.351500,-0.632680,-0.401410,93.023618,-25.342489,-97.811052
63209,NaN,4.202457,8.955142,-0.460123,-0.006993,0.041014,0.090100,-0.004109,0.008745,-0.008275,0.561283,0.351515,-0.632663,-0.401416,93.022359,-25.340627,-97.808900
63210,NaN,4.201792,8.955495,-0.459329,-0.007456,0.041520,0.090097,-0.005727,0.008097,-0.007437,0.561291,0.351523,-0.632646,-0.401427,93.020158,-25.339148,-97.807009
63211,NaN,4.212815,8.978129,-0.434914,-0.032706,0.043962,0.114083,-0.003559,0.008646,-0.006001,0.561299,0.351533,-0.632635,-0.401424,93.019273,-25.338584,-97.804996
63212,NaN,4.231965,8.946855,-0.413989,-0.055801,0.015616,0.093057,-0.006373,0.006400,-0.005983,0.561302,0.351524,-0.632628,-0.401439,93.017381,-25.338120,-97.805323
63213,NaN,4.191331,8.976434,-0.446386,-0.018226,0.060966,0.103907,-0.005177,0.007998,-0.005164,0.561312,0.351525,-0.632617,-0.401441,93.015757,-25.338016,-97.803748
63214,NaN,4.231053,8.947359,-0.412412,-0.056851,0.016698,0.093049,-0.005402,0.005349,-0.005366,0.561317,0.351530,-0.632611,-0.401438,93.015155,-25.337860,-97.802463
63215,NaN,4.199491,8.956776,-0.455375,-0.009974,0.044196,0.090084,-0.007218,0.008302,-0.002670,0.561337,0.351519,-0.632599,-0.401439,93.012315,-25.339191,-97.800778
63216,NaN,4.219509,8.959263,-0.441744,-0.025908,0.028785,0.100248,0.000849,0.005290,-0.008918,0.561321,0.351543,-0.632601,-0.401438,93.014678,-25.336814,-97.800795
63217,NaN,4.218197,8.925729,-0.434138,-0.033542,0.016331,0.069058,-0.006247,0.007252,-0.002052,0.561337,0.351530,-0.632596,-0.401436,93.012688,-25.338467,-97.799797
63218,NaN,4.188379,8.943805,-0.435937,-0.027791,0.050587,0.072699,-0.002163,0.006644,-0.007042,0.561334,0.351541,-0.632589,-0.401440,93.012597,-25.337062,-97.799015
63219,NaN,4.227169,8.939861,-0.450488,-0.018006,0.012459,0.086431,-0.005598,0.008949,-0.003509,0.561351,0.351538,-0.632578,-0.401436,93.010498,-25.337933,-97.796894
63220,NaN,4.207969,8.946526,-0.421581,-0.044213,0.035696,0.082859,-0.000543,0.007292,-0.007881,0.561348,0.351562,-0.632571,-0.401431,93.011490,-25.336171,-97.795116
63221,NaN,4.217168,8.960512,-0.438754,-0.028265,0.031346,0.100234,-0.003555,0.008645,-0.006005,0.561356,0.351572,-0.632560,-0.401429,93.010608,-25.335605,-97.793103
63222,NaN,4.207069,8.947001,-0.420480,-0.045129,0.036703,0.082851,-0.002686,0.005799,-0.001655,0.561361,0.351562,-0.632565,-0.401422,93.010599,-25.337259,-97.793285
63223,NaN,4.214668,8.952258,-0.479276,0.012026,0.025535,0.093637,0.001823,0.004241,-0.008301,0.561341,0.351585,-0.632573,-0.401417,93.013958,-25.335246,-97.793984
63224,NaN,4.195409,8.958925,-0.450715,-0.014233,0.048812,0.090057,-0.003232,0.005897,-0.003931,0.561345,0.351588,-0.632573,-0.401408,93.014235,-25.335878,-97.793171
63225,NaN,4.204922,8.972762,-0.467997,0.001711,0.044463,0.107437,-0.001292,0.003797,-0.002694,0.561340,0.351584,-0.632587,-0.401398,93.016010,-25.337060,-97.794338
63226,NaN,4.215355,8.961459,-0.436829,-0.030635,0.033932,0.100219,-0.003232,0.005897,-0.003932,0.561341,0.351576,-0.632589,-0.401400,93.015727,-25.337554,-97.795014
63227,NaN,4.224159,8.941465,-0.446874,-0.021826,0.016591,0.086417,-0.003109,0.006749,0.000001,0.561353,0.351564,-0.632595,-0.401383,93.015700,-25.340367,-97.794402
63228,NaN,4.225726,9.009104,-0.460522,-0.008018,0.043083,0.148782,-0.002036,0.007496,-0.003112,0.561360,0.351565,-0.632595,-0.401373,93.015782,-25.341344,-97.793396
63229,NaN,4.213176,8.953109,-0.476489,0.009136,0.028656,0.093632,-0.005274,0.006200,-0.001438,0.561373,0.351551,-0.632595,-0.401368,93.014642,-25.343317,-97.793084
63230,NaN,4.203188,8.939546,-0.458125,-0.007738,0.034014,0.076242,-0.003006,0.008546,-0.003732,0.561385,0.351556,-0.632587,-0.401359,93.013794,-25.343880,-97.790885
63231,NaN,4.223715,8.941802,-0.444325,-0.023709,0.018630,0.086409,-0.003731,0.011299,0.003516,0.561420,0.351540,-0.632585,-0.401326,93.012227,-25.348840,-97.787509
63232,NaN,4.205103,8.948185,-0.414917,-0.049904,0.041899,0.082808,-0.011195,0.010701,-0.001423,0.561456,0.351514,-0.632563,-0.401335,93.006314,-25.351002,-97.784884
63233,NaN,4.204913,8.948323,-0.413877,-0.050396,0.042423,0.082803,-0.003004,0.008546,-0.003733,0.561467,0.351518,-0.632557,-0.401325,93.005806,-25.351733,-97.783011
63234,NaN,4.236690,8.973019,-0.376482,-0.091080,0.029015,0.116925,-0.003653,0.006848,-0.002277,0.561470,0.351497,-0.632563,-0.401329,93.004940,-25.353289,-97.784547
63235,NaN,4.194726,8.934862,-0.395032,-0.067728,0.048342,0.065400,-0.002683,0.005798,-0.001658,0.561476,0.351490,-0.632570,-0.401317,93.005390,-25.355124,-97.784483
63236,NaN,4.203524,8.914876,-0.405126,-0.058894,0.031015,0.051608,-0.003878,0.004199,-0.002478,0.561472,0.351468,-0.632582,-0.401322,93.005445,-25.356584,-97.787122
63237,NaN,4.204222,8.948745,-0.411765,-0.052261,0.044543,0.082784,-0.001713,0.004748,-0.001038,0.561474,0.351459,-0.632595,-0.401307,93.006744,-25.358742,-97.787742
63238,NaN,4.241538,8.936094,-0.467905,-0.001295,-0.000426,0.090007,-0.003454,0.003248,-0.004136,0.561467,0.351449,-0.632604,-0.401312,93.007314,-25.359110,-97.789714
63239,NaN,4.222675,8.942546,-0.439216,-0.027508,0.022846,0.086390,-0.000943,0.007297,0.001439,0.561480,0.351440,-0.632615,-0.401283,93.008399,-25.362763,-97.788802
63240,NaN,4.230593,8.947721,-0.497949,0.029674,0.011624,0.097236,-0.000215,0.004545,-0.005809,0.561467,0.351445,-0.632624,-0.401283,93.010238,-25.362107,-97.790195
63241,NaN,4.221165,8.968050,-0.486846,0.019882,0.030027,0.111016,-0.005166,0.007996,-0.005175,0.561477,0.351446,-0.632613,-0.401285,93.008619,-25.361996,-97.788621
63242,NaN,4.231494,8.956794,-0.455239,-0.012470,0.019532,0.103784,-0.005590,0.008946,-0.003519,0.561490,0.351432,-0.632606,-0.401291,93.006198,-25.362926,-97.788155
63243,NaN,4.222354,8.976994,-0.443868,-0.022261,0.037939,0.117558,-0.002231,0.011094,-0.001258,0.561512,0.351435,-0.632599,-0.401267,93.005476,-25.365149,-97.784750
63244,NaN,4.201061,8.940997,-0.449226,-0.014297,0.041299,0.076207,-0.004726,0.006099,0.000834,0.561527,0.351411,-0.632604,-0.401260,93.004178,-25.368248,-97.785023
63245,NaN,4.223236,8.951878,-0.394051,-0.071495,0.032799,0.092914,-0.005270,0.006198,-0.001444,0.561539,0.351397,-0.632605,-0.401255,93.003039,-25.370218,-97.784712
63246,NaN,4.231184,8.957087,-0.452340,-0.014356,0.021609,0.103777,-0.004619,0.007896,-0.002900,0.561551,0.351388,-0.632602,-0.401251,93.001761,-25.371535,-97.783953
63247,NaN,4.200996,8.941138,-0.447025,-0.015762,0.042888,0.076198,-0.007646,0.002054,0.004581,0.561566,0.351339,-0.632620,-0.401244,93.000472,-25.376828,-97.786466
63248,NaN,4.251963,8.959262,-0.437537,-0.030773,0.006764,0.113944,-0.009477,0.005950,-0.000393,0.561584,0.351300,-0.632617,-0.401259,92.996556,-25.379395,-97.787660
63249,NaN,4.211849,8.929662,-0.414430,-0.048585,0.032911,0.068955,-0.004074,0.007797,-0.000623,0.561600,0.351289,-0.632617,-0.401245,92.995680,-25.381882,-97.786363
63250,NaN,4.210912,8.954930,-0.462077,-0.000741,0.039585,0.093599,-0.006237,0.007248,-0.002065,0.561615,0.351274,-0.632612,-0.401244,92.993608,-25.383576,-97.785660
63251,NaN,4.221445,8.943550,-0.430511,-0.033145,0.029096,0.086357,-0.005268,0.006198,-0.001445,0.561627,0.351260,-0.632613,-0.401239,92.992470,-25.385545,-97.785349
63252,NaN,4.241677,8.945927,-0.416697,-0.049060,0.013720,0.096525,-0.004192,0.006946,-0.004558,0.561629,0.351248,-0.632611,-0.401249,92.991162,-25.385698,-97.786172
63253,NaN,4.231609,8.932371,-0.398231,-0.065959,0.019114,0.079109,-0.006010,0.009896,-0.001866,0.561653,0.351240,-0.632599,-0.401241,92.988589,-25.387537,-97.783506
63254,NaN,4.231370,8.932522,-0.397373,-0.066380,0.019622,0.079105,-0.003965,0.009595,-0.004358,0.561665,0.351236,-0.632590,-0.401243,92.986768,-25.387892,-97.782288
63255,NaN,4.229409,8.924111,-0.437913,-0.025662,0.013257,0.072584,-0.007430,0.005648,-0.002889,0.561676,0.351219,-0.632585,-0.401250,92.984520,-25.389018,-97.782277
63256,NaN,4.240541,8.946610,-0.413587,-0.050873,0.015770,0.096512,0.000017,0.007195,-0.005609,0.561670,0.351225,-0.632588,-0.401249,92.985493,-25.388502,-97.782542
63257,NaN,4.218777,8.910832,-0.419158,-0.042960,0.019137,0.055164,-0.005385,0.005347,-0.005382,0.561672,0.351221,-0.632584,-0.401256,92.984464,-25.388193,-97.782640
63258,NaN,4.240230,8.921995,-0.364028,-0.100132,0.010668,0.071842,-0.003882,0.005147,-0.010152,0.561660,0.351233,-0.632575,-0.401276,92.984004,-25.385089,-97.783024
63259,NaN,4.237779,8.913808,-0.404987,-0.059414,0.004296,0.065329,-0.000751,0.004646,-0.008088,0.561646,0.351250,-0.632577,-0.401278,92.985781,-25.383210,-97.783477
63260,NaN,4.215729,8.937164,-0.466055,0.003962,0.026810,0.079822,-0.005501,0.004497,-0.009318,0.561636,0.351253,-0.632568,-0.401302,92.984593,-25.380576,-97.784342
63261,NaN,4.216485,8.946189,-0.424241,-0.037739,0.034235,0.086324,0.000327,0.005396,-0.011202,0.561616,0.351284,-0.632565,-0.401308,92.986740,-25.376938,-97.784217
63262,NaN,4.205038,8.958062,-0.454801,-0.006238,0.045764,0.093570,0.000444,0.006245,-0.007267,0.561600,0.351287,-0.632573,-0.401316,92.988301,-25.375660,-97.786250
63263,NaN,4.224586,8.960750,-0.441324,-0.022250,0.030421,0.103739,-0.000957,0.009192,-0.013902,0.561589,0.351330,-0.632552,-0.401327,92.988644,-25.370591,-97.783632
63264,NaN,4.204774,8.967569,-0.412771,-0.048313,0.053650,0.100061,0.000871,0.005295,-0.008925,0.561569,0.351346,-0.632554,-0.401337,92.990363,-25.367935,-97.784864
63265,NaN,4.192645,8.945594,-0.436151,-0.023989,0.052130,0.076137,-0.001917,0.009292,-0.006855,0.561574,0.351364,-0.632543,-0.401331,92.990228,-25.366901,-97.782416
63266,NaN,4.222311,8.961868,-0.440390,-0.023529,0.031886,0.103732,0.003034,0.005845,-0.007482,0.561555,0.351383,-0.632552,-0.401327,92.993308,-25.365250,-97.783260
63267,NaN,4.201927,8.934766,-0.405030,-0.056803,0.042145,0.068876,-0.000321,0.003696,-0.009749,0.561534,0.351404,-0.632555,-0.401333,92.995565,-25.362393,-97.784260
63268,NaN,4.212677,8.957411,-0.381144,-0.082151,0.044775,0.092785,-0.000431,0.001898,-0.006014,0.561514,0.351407,-0.632572,-0.401332,92.998592,-25.361896,-97.786893
63269,NaN,4.220274,8.962845,-0.440033,-0.025045,0.033513,0.103723,0.000221,0.003596,-0.007471,0.561496,0.351422,-0.632581,-0.401331,93.001219,-25.360339,-97.788031
63270,NaN,4.208182,8.940846,-0.463636,-0.000633,0.031928,0.079808,0.000221,0.003596,-0.007471,0.561478,0.351435,-0.632587,-0.401335,93.003276,-25.358550,-97.789324
63271,NaN,4.228868,8.977162,-0.457480,-0.009560,0.029644,0.121148,0.000538,0.000849,-0.005393,0.561455,0.351438,-0.632607,-0.401332,93.006858,-25.358099,-97.792270
63272,NaN,4.207873,8.975172,-0.470388,0.005554,0.045982,0.110973,-0.002141,0.006643,-0.007058,0.561448,0.351442,-0.632605,-0.401342,93.006798,-25.356697,-97.792846
63273,NaN,4.206448,8.941697,-0.462968,-0.002031,0.033455,0.079803,-0.002591,0.001347,-0.007459,0.561428,0.351445,-0.632614,-0.401354,93.008422,-25.355079,-97.795409
63274,NaN,4.195321,8.953421,-0.493411,0.029423,0.044927,0.087062,-0.000407,0.008143,-0.003957,0.561435,0.351460,-0.632611,-0.401336,93.009286,-25.355483,-97.793029
63275,NaN,4.217039,8.964449,-0.438372,-0.027811,0.036531,0.103704,-0.004188,0.006942,-0.004567,0.561441,0.351460,-0.632606,-0.401334,93.008520,-25.355688,-97.792145
63276,NaN,4.197818,8.970979,-0.409471,-0.053908,0.059818,0.099997,-0.004188,0.006942,-0.004567,0.561445,0.351453,-0.632602,-0.401341,93.007303,-25.355811,-97.792220
63277,NaN,4.246547,8.980869,-0.441525,-0.027882,0.016843,0.131308,-0.004187,0.006942,-0.004567,0.561452,0.351453,-0.632597,-0.401340,93.006537,-25.356016,-97.791336
63278,NaN,4.195475,8.962813,-0.449500,-0.013697,0.053962,0.093521,-0.006032,0.003643,-0.003934,0.561451,0.351437,-0.632601,-0.401348,93.005747,-25.356661,-97.792834
63279,NaN,4.235365,8.933676,-0.415463,-0.052351,0.009733,0.082698,-0.005266,0.006192,-0.001454,0.561463,0.351423,-0.632602,-0.401343,93.004610,-25.358625,-97.792528
63280,NaN,4.235767,8.967675,-0.421983,-0.045715,0.023307,0.113861,-0.002589,0.001347,-0.007461,0.561441,0.351420,-0.632612,-0.401360,93.005958,-25.356974,-97.795871
63281,NaN,4.224728,8.979379,-0.452183,-0.014291,0.034813,0.121125,-0.006234,0.007240,-0.002077,0.561457,0.351407,-0.632607,-0.401358,93.003974,-25.358614,-97.794880
63282,NaN,4.203229,8.943494,-0.457460,-0.006334,0.038149,0.079784,-0.006999,0.004692,-0.004557,0.561459,0.351390,-0.632606,-0.401372,93.002291,-25.358933,-97.796203
63283,NaN,4.223288,8.945977,-0.443486,-0.022368,0.022830,0.089955,-0.006998,0.004692,-0.004558,0.561463,0.351377,-0.632601,-0.401384,93.000525,-25.359076,-97.796744
63284,NaN,4.232571,8.960011,-0.460444,-0.006429,0.018467,0.107397,-0.003330,0.005044,-0.007884,0.561454,0.351383,-0.632597,-0.401397,93.000329,-25.357239,-97.797293
63285,NaN,4.222258,8.946528,-0.442171,-0.023294,0.023854,0.089951,-0.005805,0.006291,-0.003735,0.561463,0.351375,-0.632593,-0.401400,92.998825,-25.357901,-97.796849
63286,NaN,4.210464,8.924437,-0.465308,0.001074,0.022323,0.066057,-0.002789,0.004944,-0.005604,0.561452,0.351364,-0.632601,-0.401410,92.999282,-25.357693,-97.799299
63287,NaN,4.223016,8.955531,-0.399605,-0.065464,0.031902,0.096388,-0.004185,0.006941,-0.004570,0.561459,0.351365,-0.632596,-0.401409,92.998518,-25.357897,-97.798415
63288,NaN,4.231690,8.935685,-0.409653,-0.056617,0.014501,0.082669,-0.003442,0.003245,-0.004148,0.561448,0.351347,-0.632608,-0.401420,92.998887,-25.358303,-97.801527
63289,NaN,4.211666,8.967410,-0.429380,-0.034480,0.043932,0.103654,-0.003441,0.003245,-0.004148,0.561442,0.351340,-0.632616,-0.401422,92.999556,-25.358637,-97.802998
63290,NaN,4.230914,8.936094,-0.408756,-0.057532,0.015520,0.082662,-0.002788,0.004944,-0.005605,0.561435,0.351336,-0.632619,-0.401432,92.999658,-25.358061,-97.804445
63291,NaN,4.219814,8.947834,-0.439076,-0.026105,0.027012,0.089935,-0.002788,0.004944,-0.005605,0.561430,0.351339,-0.632621,-0.401432,93.000220,-25.357612,-97.804792
63292,NaN,4.219359,8.948068,-0.438683,-0.026554,0.027523,0.089933,-0.001821,0.003896,-0.004983,0.561421,0.351337,-0.632629,-0.401434,93.001352,-25.357443,-97.806273
63293,NaN,4.238544,8.975817,-0.473524,0.005682,0.018322,0.124837,-0.002788,0.004944,-0.005606,0.561416,0.351341,-0.632631,-0.401435,93.001914,-25.356994,-97.806621
63294,NaN,4.239004,8.950747,-0.424715,-0.043043,0.012676,0.100102,-0.001057,0.006444,-0.002502,0.561423,0.351348,-0.632632,-0.401418,93.002722,-25.358023,-97.805100
63295,NaN,4.236865,8.942492,-0.465692,-0.002326,0.006223,0.093675,-0.002244,0.005794,-0.011001,0.561409,0.351371,-0.632623,-0.401431,93.003289,-25.354512,-97.804730
63296,NaN,4.256521,8.945155,-0.452068,-0.018380,-0.009061,0.103850,-0.002134,0.006643,-0.007064,0.561404,0.351381,-0.632620,-0.401432,93.003776,-25.353381,-97.804412
63297,NaN,4.206633,8.935776,-0.419008,-0.045323,0.034954,0.072461,-0.001276,0.004746,-0.010379,0.561387,0.351403,-0.632617,-0.401442,93.005191,-25.350195,-97.804726
63298,NaN,4.226289,8.938433,-0.405461,-0.061377,0.019674,0.082632,-0.000288,0.009942,-0.007698,0.561388,0.351427,-0.632608,-0.401434,93.005833,-25.348804,-97.802325
63299,NaN,4.205283,8.936445,-0.418303,-0.046307,0.036021,0.072452,-0.000198,0.004547,-0.005818,0.561377,0.351438,-0.632616,-0.401428,93.007984,-25.348221,-97.802917
63300,NaN,4.195639,8.956760,-0.407530,-0.056037,0.054449,0.086146,0.000231,0.003598,-0.007476,0.561360,0.351452,-0.632622,-0.401429,93.010259,-25.346451,-97.803977
63301,NaN,4.213760,8.950851,-0.435711,-0.030882,0.032164,0.089906,0.002281,0.003301,-0.009968,0.561332,0.351480,-0.632631,-0.401429,93.014108,-25.343456,-97.805219
63302,NaN,4.233383,8.953512,-0.422487,-0.046915,0.016862,0.100078,-0.000960,0.001998,-0.008301,0.561311,0.351493,-0.632638,-0.401436,93.016320,-25.341351,-97.806981
63303,NaN,4.191801,8.949307,-0.448537,-0.016275,0.049022,0.079725,-0.003547,0.002394,-0.008091,0.561295,0.351496,-0.632641,-0.401451,93.017103,-25.339403,-97.808859
63304,NaN,4.221425,8.965662,-0.452707,-0.015952,0.028855,0.107362,-0.000422,0.001898,-0.006020,0.561275,0.351500,-0.632656,-0.401453,93.019652,-25.338564,-97.811283
63305,NaN,4.181741,8.969826,-0.437426,-0.026517,0.068006,0.093409,-0.001057,0.006443,-0.002504,0.561279,0.351501,-0.632662,-0.401437,93.020844,-25.339934,-97.810784
63306,NaN,4.201125,8.997498,-0.472304,0.005694,0.058832,0.128338,-0.002471,0.002195,-0.003529,0.561267,0.351490,-0.632678,-0.401438,93.022380,-25.340702,-97.813546
63307,NaN,4.230363,8.979890,-0.469437,-0.001080,0.025589,0.124823,-0.001281,0.003795,-0.002705,0.561262,0.351485,-0.632691,-0.401428,93.024159,-25.341878,-97.814717
63308,NaN,4.170542,8.981636,-0.467225,0.003985,0.080529,0.100688,-0.002140,0.005692,0.000611,0.561269,0.351466,-0.632704,-0.401415,93.024640,-25.344918,-97.815651
63309,NaN,4.211495,8.986177,-0.440428,-0.027652,0.049431,0.121035,-0.003984,0.002392,0.001244,0.561272,0.351440,-0.632723,-0.401405,93.025306,-25.348310,-97.817843
63310,NaN,4.201812,8.972366,-0.422317,-0.044446,0.054787,0.103560,-0.003760,0.005040,0.001444,0.561284,0.351417,-0.632733,-0.401391,93.025081,-25.351775,-97.818304
63311,NaN,4.230018,8.946000,-0.460541,-0.010014,0.014535,0.093662,-0.004190,0.005988,0.003101,0.561303,0.351391,-0.632744,-0.401370,93.024681,-25.356339,-97.818281
63312,NaN,4.220541,8.932096,-0.442329,-0.026793,0.019863,0.076187,-0.002999,0.007588,0.003925,0.561327,0.351370,-0.632752,-0.401342,93.024129,-25.361167,-97.816934
63313,NaN,4.260120,8.928036,-0.456595,-0.017230,-0.018239,0.090155,-0.007314,0.006483,0.001029,0.561349,0.351343,-0.632752,-0.401336,93.021775,-25.364560,-97.816528
63314,NaN,4.229785,8.912066,-0.451398,-0.018453,0.002941,0.062504,-0.002988,0.008539,-0.003753,0.561360,0.351345,-0.632746,-0.401328,93.021060,-25.365278,-97.814847
63315,NaN,4.249894,8.914521,-0.437632,-0.034524,-0.012341,0.072679,-0.003212,0.005891,-0.003954,0.561362,0.351344,-0.632747,-0.401324,93.021146,-25.365803,-97.814649
63316,NaN,4.240449,8.934745,-0.426549,-0.044209,0.006072,0.086354,-0.001591,0.006543,-0.004787,0.561364,0.351352,-0.632744,-0.401319,93.021291,-25.365516,-97.813617
63317,NaN,4.249047,8.914973,-0.436661,-0.035412,-0.011369,0.072677,-0.001903,0.009290,-0.006869,0.561369,0.351370,-0.632733,-0.401313,93.021163,-25.364476,-97.811170
63318,NaN,4.209052,8.919279,-0.421172,-0.045889,0.027756,0.058694,-0.001697,0.005694,-0.008727,0.561356,0.351380,-0.632731,-0.401326,93.021707,-25.362186,-97.812015
63319,NaN,4.259594,8.971851,-0.418961,-0.054161,0.004938,0.127676,-0.002232,0.005794,-0.011009,0.561342,0.351404,-0.632722,-0.401339,93.022279,-25.358671,-97.811644
63320,NaN,4.198085,8.940216,-0.409937,-0.056097,0.046732,0.072357,0.001752,0.003403,-0.012252,0.561314,0.351439,-0.632722,-0.401348,93.025346,-25.354198,-97.812262
63321,NaN,4.247883,8.958983,-0.400965,-0.071424,0.010807,0.110187,-0.002350,0.003994,-0.007271,0.561302,0.351447,-0.632725,-0.401353,93.026392,-25.352767,-97.813155
63322,NaN,4.195759,8.966245,-0.457877,-0.008807,0.053865,0.097137,0.000892,0.005299,-0.008937,0.561285,0.351471,-0.632727,-0.401352,93.028831,-25.350425,-97.813235
63323,NaN,4.225257,8.982675,-0.462075,-0.008554,0.033739,0.124795,-0.000728,0.004646,-0.008105,0.561271,0.351487,-0.632729,-0.401354,93.030617,-25.348537,-97.813687
63324,NaN,4.173900,8.964653,-0.470611,0.005801,0.070749,0.086953,-0.000728,0.004646,-0.008105,0.561254,0.351496,-0.632736,-0.401360,93.032448,-25.346900,-97.815337
63325,NaN,4.213370,8.994810,-0.492243,0.022382,0.045771,0.132100,-0.002780,0.004941,-0.005615,0.561249,0.351499,-0.632738,-0.401361,93.033014,-25.346446,-97.815686
63326,NaN,4.203038,8.981290,-0.474127,0.005616,0.051101,0.114611,-0.003746,0.005988,-0.006240,0.561252,0.351509,-0.632729,-0.401363,93.032327,-25.345437,-97.814333
63327,NaN,4.223007,8.983826,-0.460255,-0.010468,0.035835,0.124786,-0.003953,0.009584,-0.004382,0.561266,0.351514,-0.632717,-0.401356,93.030980,-25.345829,-97.811784
63328,NaN,4.191817,8.934094,-0.448023,-0.018676,0.043858,0.065967,-0.006005,0.009878,-0.001892,0.561287,0.351498,-0.632707,-0.401357,93.028027,-25.347591,-97.810329
63329,NaN,4.221760,8.950357,-0.451580,-0.018434,0.023740,0.093632,-0.005365,0.005335,-0.005408,0.561289,0.351494,-0.632703,-0.401364,93.027008,-25.347267,-97.810435
63330,NaN,4.221447,8.950534,-0.450998,-0.018881,0.024241,0.093630,-0.000830,0.009090,-0.002308,0.561303,0.351503,-0.632700,-0.401343,93.027308,-25.348739,-97.807805
63331,NaN,4.240940,8.919146,-0.430208,-0.042007,-0.004150,0.072657,-0.004606,0.007883,-0.002926,0.561316,0.351498,-0.632695,-0.401336,93.026068,-25.349912,-97.806382
63332,NaN,4.211244,8.936990,-0.431964,-0.036133,0.030097,0.076132,-0.006003,0.009878,-0.001894,0.561342,0.351492,-0.632679,-0.401329,93.023116,-25.351532,-97.803257
63333,NaN,4.220143,8.917121,-0.441699,-0.027336,0.012637,0.062476,-0.005795,0.006283,-0.003752,0.561351,0.351484,-0.632675,-0.401332,93.021617,-25.352184,-97.802819
63334,NaN,4.230906,8.939710,-0.417174,-0.052679,0.015317,0.086303,-0.004276,0.006088,-0.008526,0.561350,0.351500,-0.632660,-0.401341,93.020703,-25.349876,-97.801219
63335,NaN,4.218930,8.917761,-0.440370,-0.028281,0.013637,0.062472,-0.003086,0.007688,-0.007701,0.561351,0.351515,-0.632650,-0.401344,93.020319,-25.348311,-97.799758
63336,NaN,4.229731,8.940324,-0.415939,-0.053647,0.016396,0.086296,-0.002984,0.008536,-0.003760,0.561358,0.351510,-0.632649,-0.401340,93.019751,-25.349208,-97.799218
63337,NaN,4.208742,8.938328,-0.428639,-0.038535,0.032700,0.076115,-0.001032,0.007394,-0.010192,0.561348,0.351538,-0.632639,-0.401344,93.020589,-25.346209,-97.797861
63338,NaN,4.218458,8.927254,-0.397305,-0.070939,0.022285,0.068789,-0.005463,0.004487,-0.009354,0.561342,0.351548,-0.632628,-0.401362,93.019619,-25.343553,-97.797692
63339,NaN,4.205679,8.930636,-0.469041,0.001703,0.026674,0.069786,0.001124,0.007948,-0.008741,0.561334,0.351578,-0.632623,-0.401354,93.021562,-25.341400,-97.796033
63340,NaN,4.197101,8.959571,-0.416873,-0.049260,0.052226,0.089746,0.000144,0.002752,-0.011425,0.561307,0.351605,-0.632625,-0.401365,93.024133,-25.337442,-97.797259
63341,NaN,4.194799,8.951479,-0.458135,-0.008540,0.045685,0.083425,-0.000944,0.001999,-0.008310,0.561284,0.351616,-0.632634,-0.401373,93.026509,-25.335357,-97.799380
63342,NaN,4.205439,8.974090,-0.434123,-0.033970,0.048482,0.107240,-0.000187,0.004547,-0.005826,0.561272,0.351626,-0.632644,-0.401365,93.028983,-25.335054,-97.800222
63343,NaN,4.203180,8.965979,-0.475405,0.006749,0.041937,0.100924,0.000578,0.001805,-0.013084,0.561237,0.351656,-0.632649,-0.401382,93.032215,-25.330230,-97.802306
63344,NaN,4.193345,8.986315,-0.464654,-0.003032,0.060448,0.114560,-0.001275,0.003794,-0.002710,0.561235,0.351657,-0.632659,-0.401368,93.033991,-25.331368,-97.802542
63345,NaN,4.173957,8.992723,-0.436109,-0.029122,0.083815,0.110684,-0.002118,0.006640,-0.007079,0.561231,0.351670,-0.632654,-0.401368,93.034456,-25.330127,-97.801766
63346,NaN,4.192534,8.986744,-0.463663,-0.004002,0.061519,0.114553,-0.006449,0.004579,-0.002299,0.561236,0.351646,-0.632659,-0.401375,93.033009,-25.331697,-97.803323
63347,NaN,4.202236,9.000655,-0.480436,0.011815,0.057195,0.132059,-0.005037,0.008827,-0.001274,0.561257,0.351637,-0.632653,-0.401364,93.031291,-25.333844,-97.801357
63348,NaN,4.231785,8.982999,-0.477057,0.005063,0.023887,0.128604,-0.004728,0.006080,0.000811,0.561275,0.351621,-0.632653,-0.401351,93.030031,-25.336773,-97.800341
63349,NaN,4.182756,8.973028,-0.443749,-0.021714,0.067870,0.097031,-0.007971,0.004772,0.002474,0.561295,0.351584,-0.632659,-0.401346,93.027785,-25.340942,-97.801068
63350,NaN,4.222322,8.969106,-0.457722,-0.012124,0.029750,0.111089,-0.007091,0.009120,0.001215,0.561321,0.351550,-0.632655,-0.401347,93.024159,-25.344418,-97.800648
63351,NaN,4.211345,8.946734,-0.480440,0.012290,0.028035,0.087281,-0.009145,0.009413,0.003704,0.561360,0.351515,-0.632648,-0.401334,93.020000,-25.349430,-97.798478
63352,NaN,4.211645,8.946643,-0.479500,0.011771,0.028597,0.087280,-0.005383,0.004379,0.002267,0.561373,0.351481,-0.632663,-0.401322,93.019554,-25.353679,-97.799967
63353,NaN,4.222581,8.934990,-0.447913,-0.020644,0.018205,0.079942,-0.006025,0.008920,0.005783,0.561409,0.351448,-0.632667,-0.401294,93.017345,-25.359866,-97.798178
63354,NaN,4.224364,8.943341,-0.405485,-0.062353,0.025819,0.086225,-0.008710,0.008466,0.002045,0.561442,0.351419,-0.632660,-0.401285,93.013707,-25.363897,-97.796289
63355,NaN,4.243502,8.937139,-0.432629,-0.037257,0.003492,0.090117,-0.005466,0.009774,0.000382,0.561469,0.351405,-0.632653,-0.401269,93.011509,-25.367020,-97.793778
63356,NaN,4.242840,8.903353,-0.424760,-0.044718,-0.009174,0.058975,-0.006654,0.008173,-0.000445,0.561493,0.351387,-0.632646,-0.401264,93.008751,-25.369501,-97.792260
63357,NaN,4.213270,8.921110,-0.426515,-0.038871,0.025114,0.062413,-0.005032,0.008827,-0.001277,0.561513,0.351378,-0.632640,-0.401253,93.007034,-25.371645,-97.790293
63358,NaN,4.223688,8.909678,-0.394955,-0.071180,0.014669,0.055069,-0.003410,0.009481,-0.002108,0.561530,0.351372,-0.632632,-0.401246,93.005339,-25.373085,-97.788497
63359,NaN,4.252173,8.917521,-0.440189,-0.029791,-0.012507,0.076492,-0.001370,0.002948,-0.006654,0.561514,0.351378,-0.632641,-0.401249,93.007239,-25.371976,-97.790074
63360,NaN,4.232701,8.923932,-0.411686,-0.055811,0.010895,0.072584,-0.003425,0.003240,-0.004166,0.561502,0.351356,-0.632655,-0.401263,93.007592,-25.372458,-97.793886
63361,NaN,4.251362,8.917949,-0.439354,-0.030723,-0.011439,0.076491,-0.003201,0.005887,-0.003966,0.561504,0.351355,-0.632656,-0.401259,93.007684,-25.372975,-97.793692
63362,NaN,4.211393,8.922108,-0.424166,-0.041096,0.027659,0.062398,0.002532,0.005958,-0.009773,0.561483,0.351384,-0.632658,-0.401260,93.010515,-25.370024,-97.793903
63363,NaN,4.201560,8.942422,-0.413443,-0.050872,0.046197,0.076005,-0.000181,0.004549,-0.005828,0.561473,0.351394,-0.632666,-0.401253,93.012673,-25.369436,-97.794494
63364,NaN,4.219915,8.936570,-0.441469,-0.025738,0.023825,0.079918,0.000687,0.002656,-0.009143,0.561447,0.351411,-0.632674,-0.401261,93.015459,-25.366730,-97.796438
63365,NaN,4.207874,8.914671,-0.465212,-0.001308,0.022077,0.056127,-0.000277,0.003702,-0.009771,0.561426,0.351432,-0.632677,-0.401268,93.017735,-25.363860,-97.797433
63366,NaN,4.219138,8.971095,-0.447994,-0.019592,0.037955,0.111049,-0.001578,0.006541,-0.004798,0.561425,0.351435,-0.632675,-0.401269,93.017696,-25.363491,-97.797212
63367,NaN,4.227471,8.951518,-0.458249,-0.010799,0.020460,0.097440,-0.001337,0.003903,-0.014342,0.561397,0.351468,-0.632668,-0.401292,93.019245,-25.358011,-97.797927
63368,NaN,4.216632,8.938172,-0.440399,-0.027517,0.025770,0.079908,0.001359,0.010597,-0.008546,0.561400,0.351507,-0.632652,-0.401278,93.020168,-25.355780,-97.793902
63369,NaN,4.215891,8.938544,-0.439963,-0.028008,0.026293,0.079905,-0.004483,0.003439,-0.008739,0.561387,0.351512,-0.632649,-0.401296,93.020119,-25.353492,-97.795098
63370,NaN,4.234076,8.932807,-0.467684,-0.002943,0.003985,0.083834,-0.001239,0.004748,-0.010401,0.561368,0.351530,-0.632649,-0.401307,93.021668,-25.350479,-97.796069
63371,NaN,4.204926,8.959407,-0.428599,-0.038288,0.045398,0.093500,-0.002426,0.003147,-0.011229,0.561345,0.351549,-0.632647,-0.401326,93.022842,-25.346757,-97.797367
63372,NaN,4.232012,8.933825,-0.466912,-0.003895,0.004994,0.083833,-0.003919,0.004293,-0.014143,0.561325,0.351576,-0.632631,-0.401356,93.022576,-25.341225,-97.797553
63373,NaN,4.201887,8.926747,-0.420816,-0.046235,0.033226,0.062358,-0.001332,0.003902,-0.014347,0.561297,0.351609,-0.632623,-0.401379,93.024127,-25.335743,-97.798268
63374,NaN,4.231536,8.977317,-0.431642,-0.039017,0.026343,0.121205,-0.002730,0.005894,-0.013317,0.561275,0.351627,-0.632612,-0.401411,93.023859,-25.330879,-97.799488
63375,NaN,4.198726,8.953309,-0.468254,0.001068,0.040309,0.087246,-0.003258,0.005993,-0.015605,0.561254,0.351662,-0.632593,-0.401440,93.023722,-25.324740,-97.798838
63376,NaN,4.207309,8.967774,-0.485151,0.016877,0.035977,0.104783,-0.005315,0.006284,-0.013117,0.561245,0.351687,-0.632570,-0.401466,93.022220,-25.319974,-97.797603
63377,NaN,4.197099,8.988254,-0.473974,0.007101,0.054530,0.118374,-0.001012,0.007395,-0.010206,0.561236,0.351715,-0.632561,-0.401470,93.023067,-25.316967,-97.796246
63378,NaN,4.206584,8.977244,-0.442847,-0.025228,0.044106,0.111011,-0.000140,0.005503,-0.013523,0.561211,0.351746,-0.632552,-0.401492,93.024269,-25.311742,-97.796710
63379,NaN,4.185249,8.975380,-0.455799,-0.010068,0.060360,0.100827,-0.001669,0.005693,-0.008748,0.561200,0.351764,-0.632548,-0.401497,93.025221,-25.309517,-97.796479
63380,NaN,4.165602,8.981803,-0.427271,-0.036096,0.083781,0.096867,0.000268,0.009842,-0.005434,0.561202,0.351777,-0.632546,-0.401485,93.026107,-25.309460,-97.794992
63381,NaN,4.184287,8.975868,-0.455016,-0.011029,0.061430,0.100819,-0.002234,0.004838,-0.003345,0.561201,0.351774,-0.632554,-0.401478,93.027044,-25.310301,-97.795483
63382,NaN,4.195121,8.998341,-0.430795,-0.036438,0.064233,0.124581,-0.000612,0.005493,-0.004175,0.561200,0.351786,-0.632557,-0.401464,93.028568,-25.310530,-97.794539
63383,NaN,4.183370,8.942216,-0.447417,-0.018978,0.049248,0.069681,-0.002272,0.003883,0.004347,0.561212,0.351757,-0.632580,-0.401437,93.029852,-25.315743,-97.795892
63384,NaN,4.225153,8.980531,-0.427293,-0.043776,0.031533,0.121170,-0.006703,0.000969,0.005179,0.561222,0.351703,-0.632605,-0.401429,93.029290,-25.321419,-97.799591
63385,NaN,4.222804,8.963520,-0.509625,0.038153,0.017748,0.108739,-0.002364,0.003037,0.000401,0.561222,0.351685,-0.632624,-0.401415,93.030694,-25.324348,-97.801348
63386,NaN,4.213251,8.949565,-0.491512,0.021368,0.023129,0.091190,-0.006258,0.006263,0.005577,0.561251,0.351647,-0.632635,-0.401391,93.029246,-25.330436,-97.801024
63387,NaN,4.213694,8.949393,-0.490851,0.020876,0.023650,0.091190,-0.003236,0.004928,0.003717,0.561266,0.351619,-0.632652,-0.401367,93.029687,-25.335320,-97.801695
63388,NaN,4.224558,8.937734,-0.459547,-0.011510,0.013254,0.083820,-0.003236,0.004928,0.003717,0.561282,0.351594,-0.632667,-0.401344,93.029887,-25.340024,-97.801928
63389,NaN,4.195479,8.955178,-0.461579,-0.005622,0.047539,0.087212,-0.005071,0.007864,0.006405,0.561315,0.351559,-0.632677,-0.401313,93.028519,-25.346534,-97.800830
63390,NaN,4.217637,8.965752,-0.406152,-0.062954,0.039489,0.103592,-0.002789,0.010221,0.004116,0.561347,0.351540,-0.632680,-0.401279,93.027559,-25.351724,-97.798271
63391,NaN,4.226634,8.911785,-0.409225,-0.061141,0.008760,0.058888,-0.001825,0.009176,0.004744,0.561374,0.351522,-0.632690,-0.401241,93.027671,-25.357325,-97.796287
63392,NaN,4.208473,8.951623,-0.387568,-0.080088,0.045337,0.086027,-0.002363,0.003037,0.000400,0.561370,0.351490,-0.632712,-0.401241,93.028344,-25.360093,-97.799947
63393,NaN,4.236930,8.925465,-0.425931,-0.045752,0.004929,0.076438,-0.003458,0.002281,0.003516,0.561376,0.351458,-0.632735,-0.401223,93.029373,-25.364782,-97.802288
63394,NaN,4.227447,8.911460,-0.407899,-0.062477,0.010285,0.058878,-0.004857,0.004272,0.004545,0.561391,0.351416,-0.632755,-0.401208,93.028907,-25.370114,-97.804219
63395,NaN,4.199396,8.937461,-0.368733,-0.097791,0.051746,0.068449,-0.002586,0.000390,0.000200,0.561384,0.351393,-0.632780,-0.401200,93.030900,-25.372849,-97.807646
63396,NaN,4.227002,8.936789,-0.455420,-0.015194,0.017299,0.083808,-0.004512,0.002481,-0.001058,0.561383,0.351370,-0.632791,-0.401203,93.030647,-25.374584,-97.809849
63397,NaN,4.247304,8.939164,-0.441565,-0.031357,0.002113,0.093989,-0.006135,0.001826,-0.000228,0.561385,0.351340,-0.632804,-0.401205,93.030212,-25.377116,-97.812352
63398,NaN,4.187176,8.940828,-0.439493,-0.026057,0.056944,0.069624,-0.003509,0.002393,-0.008119,0.561373,0.351351,-0.632804,-0.401214,93.031105,-25.375158,-97.813054
63399,NaN,4.246433,8.939631,-0.440479,-0.032356,0.003163,0.093985,-0.007848,0.000325,-0.003345,0.561367,0.351324,-0.632812,-0.401232,93.030051,-25.375863,-97.816403
63400,NaN,4.264046,8.925209,-0.509367,0.034014,-0.026462,0.091809,-0.004289,0.005128,-0.000858,0.561374,0.351303,-0.632817,-0.401234,93.028970,-25.377805,-97.817429
63401,NaN,4.244529,8.931559,-0.480690,0.007986,-0.003049,0.087806,-0.000780,0.010044,-0.010008,0.561373,0.351336,-0.632801,-0.401232,93.029232,-25.374991,-97.814400
63402,NaN,4.214781,8.924223,-0.434419,-0.034259,0.025215,0.066232,-0.005210,0.007131,-0.009179,0.561369,0.351339,-0.632789,-0.401253,93.027566,-25.372671,-97.814508
63403,NaN,4.233623,8.952402,-0.468607,-0.002248,0.016069,0.101363,-0.005513,0.009878,-0.011268,0.561373,0.351363,-0.632761,-0.401270,93.025143,-25.369131,-97.811542
63404,NaN,4.243007,8.941433,-0.436921,-0.034594,0.005694,0.093977,-0.004416,0.010635,-0.014385,0.561370,0.351393,-0.632729,-0.401299,93.022595,-25.363704,-97.808985
63405,NaN,4.231872,8.928210,-0.418624,-0.051335,0.011052,0.076406,-0.002792,0.011291,-0.015216,0.561366,0.351440,-0.632696,-0.401315,93.021292,-25.357947,-97.804994
63406,NaN,4.231659,8.937356,-0.376556,-0.093026,0.018796,0.082567,-0.001917,0.009401,-0.018534,0.561345,0.351489,-0.632668,-0.401346,93.020912,-25.350363,-97.803055
63407,NaN,4.199216,8.947335,-0.420303,-0.045904,0.045882,0.079767,0.003479,0.011270,-0.018734,0.561323,0.351564,-0.632641,-0.401353,93.023158,-25.342593,-97.798960
63408,NaN,4.218325,8.925146,-0.358668,-0.110253,0.024669,0.064984,0.002725,0.002485,-0.023281,0.561270,0.351640,-0.632626,-0.401385,93.027270,-25.331902,-97.799045
63409,NaN,4.206135,8.937484,-0.389389,-0.078813,0.036056,0.072367,-0.002491,0.002303,-0.015190,0.561237,0.351669,-0.632619,-0.401416,93.028576,-25.325889,-97.800745
63410,NaN,4.202774,8.955158,-0.479200,0.010109,0.035430,0.091172,0.004520,-0.001408,-0.018276,0.561170,0.351710,-0.632635,-0.401448,93.034709,-25.318166,-97.806206
63411,NaN,4.212290,8.978174,-0.455712,-0.015351,0.038327,0.114898,0.004083,-0.000463,-0.016619,0.561114,0.351757,-0.632647,-0.401468,93.040509,-25.311251,-97.809607
63412,NaN,4.200344,8.990360,-0.486852,0.016100,0.049700,0.122289,0.002461,-0.001121,-0.015791,0.561063,0.351799,-0.632656,-0.401489,93.045476,-25.304742,-97.812728
63413,NaN,4.198986,8.990975,-0.487205,0.015608,0.050224,0.122287,0.004610,-0.000563,-0.014332,0.561010,0.351839,-0.632672,-0.401500,93.051636,-25.299131,-97.816267
63414,NaN,4.168378,9.009023,-0.490040,0.021534,0.084526,0.125643,-0.000914,0.002001,-0.008327,0.560985,0.351845,-0.632684,-0.401512,93.054005,-25.297150,-97.819304
63415,NaN,4.177279,9.023345,-0.507411,0.037281,0.080218,0.143219,0.000844,0.004460,-0.012906,0.560958,0.351880,-0.632682,-0.401523,93.056669,-25.292508,-97.819712
63416,NaN,4.186405,9.037590,-0.524347,0.052968,0.075948,0.160797,-0.008365,0.006653,-0.003583,0.560974,0.351870,-0.632671,-0.401526,93.053989,-25.293432,-97.818257
63417,NaN,4.196162,8.992371,-0.485769,0.013591,0.052373,0.122279,-0.004071,0.007769,-0.000664,0.560991,0.351860,-0.632671,-0.401512,93.053119,-25.295896,-97.816984
63418,NaN,4.176937,8.998529,-0.456817,-0.012396,0.075799,0.118229,-0.007180,0.008256,-0.002755,0.561012,0.351849,-0.632658,-0.401512,93.050176,-25.297175,-97.815017
63419,NaN,4.216521,8.994827,-0.470517,-0.003068,0.037734,0.132458,-0.009816,0.007685,0.005141,0.561050,0.351804,-0.632657,-0.401500,93.046120,-25.302957,-97.813993
63420,NaN,4.196188,8.958432,-0.475693,0.005162,0.040733,0.091155,-0.010255,0.008629,0.006799,0.561093,0.351752,-0.632658,-0.401484,93.041767,-25.309930,-97.812928
63421,NaN,4.236306,8.954488,-0.489269,0.014485,0.002667,0.105393,-0.009291,0.007585,0.007429,0.561135,0.351701,-0.632662,-0.401464,93.038072,-25.317019,-97.812044
63422,NaN,4.227166,8.940332,-0.470496,-0.002188,0.008003,0.087806,-0.011875,0.007971,0.007626,0.561180,0.351637,-0.632661,-0.401457,93.032465,-25.324184,-97.811748
63423,NaN,4.206884,8.903927,-0.475466,0.006073,0.010952,0.046506,-0.012177,0.010718,0.005535,0.561232,0.351590,-0.632648,-0.401447,93.026240,-25.330284,-97.808816
63424,NaN,4.228264,8.939946,-0.467960,-0.003204,0.009049,0.087805,-0.003019,0.007568,0.003914,0.561260,0.351576,-0.632655,-0.401409,93.026299,-25.335341,-97.806460
63425,NaN,4.218706,8.925969,-0.449374,-0.019923,0.014399,0.070214,-0.012038,0.012521,0.001784,0.561310,0.351545,-0.632630,-0.401405,93.019611,-25.339349,-97.802260
63426,NaN,4.220768,8.968123,-0.413657,-0.054695,0.035428,0.107443,-0.003981,0.008613,0.003282,0.561337,0.351524,-0.632635,-0.401378,93.018727,-25.344170,-97.800672
63427,NaN,4.220409,8.934221,-0.405917,-0.062130,0.022696,0.076324,-0.007089,0.009100,0.001189,0.561366,0.351502,-0.632629,-0.401366,93.015792,-25.347734,-97.798617
63428,NaN,4.229658,8.914330,-0.415718,-0.053326,0.005130,0.062799,-0.003626,0.006825,-0.002325,0.561377,0.351498,-0.632628,-0.401356,93.015315,-25.349208,-97.797592
63429,NaN,4.231245,8.956668,-0.380590,-0.088086,0.026155,0.100018,-0.003848,0.004179,-0.002525,0.561378,0.351487,-0.632635,-0.401353,93.015518,-25.350499,-97.798529
63430,NaN,4.219854,8.934564,-0.404127,-0.063490,0.024226,0.076312,0.000059,0.007197,-0.005639,0.561372,0.351493,-0.632638,-0.401352,93.016443,-25.349942,-97.798745
63431,NaN,4.219595,8.934692,-0.403990,-0.063981,0.024750,0.076307,0.001845,0.003304,-0.000628,0.561364,0.351490,-0.632662,-0.401327,93.020171,-25.352291,-97.800299
63432,NaN,4.228063,8.940302,-0.462940,-0.006976,0.013170,0.087798,0.001761,0.002461,-0.004576,0.561343,0.351490,-0.632683,-0.401323,93.023588,-25.352228,-97.803325
63433,NaN,4.207452,8.938100,-0.476119,0.008245,0.029359,0.077613,-0.001040,0.006438,-0.002522,0.561346,0.351492,-0.632690,-0.401308,93.024787,-25.353588,-97.802832
63434,NaN,4.227316,8.940680,-0.462473,-0.007938,0.014201,0.087796,-0.000685,0.004651,-0.008129,0.561332,0.351508,-0.632691,-0.401310,93.026449,-25.351620,-97.803269
63435,NaN,4.207040,8.972438,-0.482340,0.014222,0.043656,0.108722,-0.001563,0.006539,-0.004813,0.561332,0.351515,-0.632692,-0.401302,93.027288,-25.351673,-97.802636
63436,NaN,4.236210,8.955077,-0.479211,0.007333,0.010408,0.105395,0.000283,0.009843,-0.005441,0.561336,0.351532,-0.632688,-0.401289,93.028030,-25.351424,-97.800533
63437,NaN,4.235755,8.955311,-0.478866,0.006840,0.010932,0.105395,0.000061,0.007197,-0.005641,0.561333,0.351548,-0.632689,-0.401277,93.029609,-25.351023,-97.799455
63438,NaN,4.216107,8.961597,-0.450413,-0.019104,0.034358,0.101298,-0.000900,0.008241,-0.006273,0.561332,0.351559,-0.632686,-0.401275,93.030068,-25.350217,-97.798687
63439,NaN,4.226092,8.950294,-0.419048,-0.051527,0.024046,0.093875,-0.004146,0.006925,-0.004618,0.561338,0.351559,-0.632681,-0.401274,93.029325,-25.350392,-97.797816
63440,NaN,4.235533,8.964421,-0.436042,-0.035763,0.019690,0.111478,0.000062,0.007197,-0.005642,0.561338,0.351580,-0.632678,-0.401261,93.030573,-25.349705,-97.795802
63441,NaN,4.214241,8.928441,-0.442108,-0.027465,0.022597,0.070181,-0.003184,0.005880,-0.003987,0.561341,0.351578,-0.632679,-0.401257,93.030673,-25.350210,-97.795613
63442,NaN,4.203588,8.940121,-0.472298,0.004020,0.033950,0.077601,-0.005247,0.006165,-0.001502,0.561349,0.351555,-0.632683,-0.401260,93.029273,-25.352167,-97.796663
63443,NaN,4.223711,8.942600,-0.458260,-0.012193,0.018816,0.087784,-0.004807,0.005222,-0.003160,0.561353,0.351546,-0.632684,-0.401260,93.028633,-25.353125,-97.796919
63444,NaN,4.233365,8.956641,-0.475099,0.003537,0.014535,0.105392,-0.003623,0.006824,-0.002329,0.561359,0.351533,-0.632688,-0.401256,93.028177,-25.354730,-97.797321
63445,NaN,4.214023,8.962778,-0.446406,-0.022440,0.037986,0.101278,-0.003623,0.006823,-0.002330,0.561369,0.351527,-0.632688,-0.401247,93.027793,-25.356212,-97.796591
63446,NaN,4.232306,8.923091,-0.467160,-0.004273,0.002188,0.074283,-0.001782,0.003892,-0.005014,0.561364,0.351533,-0.632689,-0.401247,93.028483,-25.355513,-97.796705
63447,NaN,4.224028,8.951480,-0.414510,-0.055254,0.028095,0.093845,-0.006126,0.008052,0.001814,0.561390,0.351510,-0.632689,-0.401233,93.026392,-25.359402,-97.795335
63448,NaN,4.232146,8.923249,-0.465597,-0.005209,0.003224,0.074283,-0.008351,0.006651,-0.003600,0.561401,0.351488,-0.632680,-0.401249,93.023021,-25.360148,-97.795709
63449,NaN,4.223869,8.951633,-0.412821,-0.056189,0.029138,0.093836,-0.002140,0.005678,0.000593,0.561410,0.351474,-0.632692,-0.401229,93.023840,-25.363267,-97.795802
63450,NaN,4.233080,8.931771,-0.422971,-0.047353,0.011539,0.080342,-0.001998,0.007482,-0.003158,0.561414,0.351469,-0.632695,-0.401225,93.023874,-25.364249,-97.795924
63451,NaN,4.212450,8.929596,-0.435798,-0.032111,0.027708,0.070154,-0.004365,0.004278,-0.004821,0.561411,0.351464,-0.632697,-0.401230,93.023720,-25.364229,-97.796722
63452,NaN,4.221293,8.909920,-0.445789,-0.023289,0.010131,0.056663,-0.003479,0.008627,-0.006081,0.561413,0.351462,-0.632691,-0.401237,93.022664,-25.363715,-97.796519
63453,NaN,4.260165,8.906594,-0.459798,-0.014040,-0.027925,0.070979,-0.003999,0.008728,-0.008373,0.561417,0.351478,-0.632675,-0.401243,93.021461,-25.361797,-97.794381
63454,NaN,4.229783,8.924563,-0.461862,-0.008035,0.006365,0.074279,-0.003558,0.007785,-0.010032,0.561413,0.351494,-0.632661,-0.401258,93.020519,-25.358997,-97.793415
63455,NaN,4.229529,8.958827,-0.468001,-0.001607,0.020181,0.105383,-0.005181,0.007125,-0.009206,0.561412,0.351506,-0.632646,-0.401272,93.019062,-25.356553,-97.792264
63456,NaN,4.198522,8.942970,-0.463331,-0.002520,0.041159,0.077574,-0.000972,0.007399,-0.010227,0.561399,0.351526,-0.632639,-0.401284,93.019709,-25.353528,-97.792149
63457,NaN,4.198825,8.951732,-0.421333,-0.044221,0.048983,0.083615,-0.003997,0.008727,-0.008376,0.561403,0.351542,-0.632623,-0.401289,93.018508,-25.351608,-97.790012
63458,NaN,4.238083,8.982345,-0.442183,-0.028012,0.024186,0.129045,-0.003555,0.007784,-0.010035,0.561401,0.351564,-0.632604,-0.401302,93.017406,-25.348514,-97.788110
63459,NaN,4.206581,8.991946,-0.485739,0.019172,0.051162,0.126295,-0.004218,0.006081,-0.008576,0.561397,0.351575,-0.632595,-0.401314,93.016793,-25.346399,-97.787642
63460,NaN,4.187199,8.972811,-0.408907,-0.054860,0.068620,0.097078,-0.000451,0.007298,-0.007937,0.561388,0.351591,-0.632592,-0.401316,93.017689,-25.344641,-97.787288
63461,NaN,4.195938,8.953190,-0.419120,-0.046074,0.051022,0.083596,-0.002737,0.004936,-0.005652,0.561384,0.351594,-0.632594,-0.401317,93.018276,-25.344165,-97.787643
63462,NaN,4.205522,8.967271,-0.436214,-0.030346,0.046713,0.101220,-0.001921,0.002088,-0.001267,0.561376,0.351577,-0.632614,-0.401311,93.019968,-25.346058,-97.790404
63463,NaN,4.205812,9.001244,-0.442838,-0.023925,0.060542,0.132317,0.001030,0.006153,-0.005012,0.561370,0.351591,-0.632621,-0.401296,93.022393,-25.345985,-97.790008
63464,NaN,4.214194,8.947693,-0.446309,-0.021972,0.029617,0.087741,-0.003400,0.003232,-0.004192,0.561359,0.351574,-0.632631,-0.401309,93.022568,-25.346247,-97.793082
63465,NaN,4.193636,8.945481,-0.459084,-0.006713,0.045768,0.077552,-0.006426,0.004559,-0.002341,0.561366,0.351556,-0.632633,-0.401313,93.021191,-25.347654,-97.793786
63466,NaN,4.223703,8.961859,-0.462533,-0.006737,0.025808,0.105368,-0.003323,0.004074,-0.000242,0.561371,0.351539,-0.632644,-0.401304,93.021517,-25.350069,-97.794777
63467,NaN,4.213731,8.947999,-0.444547,-0.023412,0.031151,0.087733,-0.003620,0.006821,-0.002336,0.561380,0.351533,-0.632644,-0.401295,93.021135,-25.351547,-97.794049
63468,NaN,4.222438,8.953671,-0.502703,0.033457,0.019570,0.099346,-0.006867,0.005502,-0.000684,0.561396,0.351512,-0.632645,-0.401290,93.019515,-25.354126,-97.793931
63469,NaN,4.222848,8.928265,-0.453704,-0.015152,0.014105,0.074263,-0.003619,0.006821,-0.002336,0.561405,0.351507,-0.632646,-0.401281,93.019133,-25.355604,-97.793203
63470,NaN,4.213199,8.948350,-0.442512,-0.024899,0.032787,0.087724,-0.002513,0.007582,-0.005454,0.561404,0.351506,-0.632646,-0.401283,93.019048,-25.355493,-97.793305
63471,NaN,4.212454,8.914641,-0.434886,-0.032294,0.019995,0.056622,-0.008268,0.007487,0.000340,0.561429,0.351480,-0.632640,-0.401280,93.015860,-25.358523,-97.792244
63472,NaN,4.222358,8.928611,-0.451454,-0.016587,0.015688,0.074258,-0.004060,0.007763,-0.000678,0.561445,0.351468,-0.632640,-0.401269,93.014865,-25.360928,-97.791297
63473,NaN,4.223318,8.937031,-0.409237,-0.058288,0.023545,0.080262,-0.006202,0.007204,-0.002145,0.561460,0.351455,-0.632635,-0.401267,93.012902,-25.362526,-97.790332
63474,NaN,4.202804,8.934811,-0.421810,-0.042916,0.039637,0.070072,-0.005759,0.006262,-0.003804,0.561465,0.351437,-0.632631,-0.401281,93.010736,-25.362936,-97.791260
63475,NaN,4.201445,8.926664,-0.462477,-0.002196,0.032820,0.064066,-0.005759,0.006262,-0.003805,0.561474,0.351429,-0.632627,-0.401284,93.009259,-25.363557,-97.790837
63476,NaN,4.212031,8.949135,-0.437746,-0.027733,0.035876,0.087706,-0.004135,0.006922,-0.004630,0.561480,0.351430,-0.632622,-0.401282,93.008600,-25.363774,-97.789785
63477,NaN,4.241338,8.931783,-0.434265,-0.034713,0.002646,0.084437,-0.004577,0.007864,-0.002972,0.561493,0.351426,-0.632616,-0.401276,93.007377,-25.364920,-97.788375
63478,NaN,4.221382,8.963403,-0.453734,-0.012468,0.032059,0.105344,-0.004576,0.007864,-0.002973,0.561505,0.351417,-0.632610,-0.401277,93.005646,-25.365848,-97.787592
63479,NaN,4.220544,8.929734,-0.446175,-0.019857,0.019257,0.074246,-0.003911,0.009567,-0.004432,0.561519,0.351422,-0.632599,-0.401270,93.004321,-25.366209,-97.785054
63480,NaN,4.210836,8.949823,-0.435162,-0.029639,0.037947,0.087692,0.001994,0.005111,-0.004378,0.561509,0.351435,-0.632613,-0.401251,93.007731,-25.366592,-97.785394
63481,NaN,4.230838,8.952341,-0.421312,-0.045898,0.022862,0.097876,-0.006200,0.007203,-0.002149,0.561524,0.351422,-0.632608,-0.401249,93.005769,-25.368188,-97.784430
63482,NaN,4.190083,8.947733,-0.447490,-0.014774,0.054563,0.077498,-0.002214,0.004834,-0.003363,0.561520,0.351412,-0.632616,-0.401251,93.006199,-25.368858,-97.786109
63483,NaN,4.239687,8.932730,-0.430895,-0.037531,0.005727,0.084425,-0.002213,0.004834,-0.003363,0.561518,0.351409,-0.632623,-0.401244,93.007146,-25.369688,-97.786604
63484,NaN,4.219116,8.930526,-0.443834,-0.022254,0.021850,0.074235,-0.003173,0.005878,-0.003998,0.561523,0.351412,-0.632622,-0.401237,93.007259,-25.370154,-97.785735
63485,NaN,4.239049,8.933080,-0.429894,-0.038517,0.006768,0.084420,-0.003172,0.005878,-0.003998,0.561525,0.351411,-0.632624,-0.401233,93.007364,-25.370652,-97.785549
63486,NaN,4.228323,8.944857,-0.460128,-0.006979,0.018032,0.091884,-0.004131,0.006921,-0.004634,0.561529,0.351405,-0.632618,-0.401240,93.006006,-25.370611,-97.785383
63487,NaN,4.238503,8.967502,-0.435421,-0.032518,0.021104,0.115509,-0.004056,0.007886,-0.012339,0.561523,0.351432,-0.632597,-0.401258,93.004941,-25.366398,-97.783648
63488,NaN,4.227699,8.954010,-0.417335,-0.049102,0.026458,0.097852,-0.004204,0.006081,-0.008586,0.561512,0.351428,-0.632594,-0.401283,93.003908,-25.364402,-97.785414
63489,NaN,4.227123,8.954317,-0.416576,-0.049593,0.026982,0.097848,-0.004868,0.010610,-0.005071,0.561530,0.351435,-0.632576,-0.401279,93.001743,-25.364429,-97.782196
63490,NaN,4.246671,8.957072,-0.402233,-0.065846,0.011934,0.108032,-0.008482,0.004962,-0.011526,0.561519,0.351430,-0.632561,-0.401323,92.998860,-25.360733,-97.784052
63491,NaN,4.234841,8.935289,-0.425461,-0.041287,0.009900,0.084407,-0.003537,0.007784,-0.010048,0.561515,0.351451,-0.632546,-0.401333,92.998153,-25.357827,-97.782458
63492,NaN,4.194014,8.964802,-0.458513,-0.003298,0.054935,0.095119,-0.002577,0.006741,-0.009413,0.561510,0.351473,-0.632534,-0.401340,92.998066,-25.355154,-97.781047
63493,NaN,4.223852,8.955995,-0.413687,-0.051508,0.029083,0.097832,-0.004201,0.006080,-0.008589,0.561506,0.351484,-0.632524,-0.401352,92.997462,-25.353032,-97.780581
63494,NaN,4.212749,8.967956,-0.443887,-0.020051,0.040424,0.105301,-0.004200,0.006080,-0.008590,0.561496,0.351484,-0.632520,-0.401371,92.996829,-25.351121,-97.781797
63495,NaN,4.171372,8.963621,-0.470244,0.011028,0.072130,0.084921,-0.002353,0.003154,-0.011272,0.561474,0.351503,-0.632518,-0.401390,92.998038,-25.347376,-97.783095
63496,NaN,4.211023,8.968817,-0.442864,-0.021000,0.041465,0.105295,-0.003978,0.008725,-0.008392,0.561477,0.351516,-0.632503,-0.401399,92.996638,-25.345432,-97.781404
63497,NaN,4.211079,9.002907,-0.449109,-0.014610,0.055340,0.136380,-0.001031,0.006436,-0.002532,0.561480,0.351517,-0.632509,-0.401383,92.997840,-25.346786,-97.780914
63498,NaN,4.189998,8.966850,-0.455170,-0.006171,0.058113,0.095100,-0.005087,0.007962,-0.005274,0.561486,0.351511,-0.632502,-0.401392,92.996137,-25.346699,-97.780631
63499,NaN,4.189690,8.967029,-0.454471,-0.006661,0.058636,0.095096,-0.003613,0.006817,-0.002344,0.561495,0.351505,-0.632503,-0.401383,92.995758,-25.348173,-97.779906
63500,NaN,4.208882,8.961191,-0.481955,0.018345,0.036156,0.099339,-0.003320,0.004070,-0.000249,0.561495,0.351477,-0.632518,-0.401383,92.995814,-25.350681,-97.782604
63501,NaN,4.229961,8.971962,-0.426511,-0.039147,0.028491,0.115467,-0.004793,0.005215,-0.003179,0.561499,0.351467,-0.632519,-0.401383,92.995182,-25.351629,-97.782865
63502,NaN,4.209070,8.935815,-0.432601,-0.030659,0.031211,0.074188,-0.003320,0.004070,-0.000249,0.561502,0.351446,-0.632532,-0.401378,92.995320,-25.354087,-97.784582
63503,NaN,4.229017,8.963718,-0.466856,0.001141,0.022111,0.109525,-0.004209,0.005952,0.003068,0.561521,0.351419,-0.632543,-0.401358,92.994911,-25.358631,-97.784584
63504,NaN,4.209339,8.935745,-0.431441,-0.031585,0.032242,0.074182,-0.004278,0.005113,-0.000885,0.561526,0.351396,-0.632552,-0.401357,92.994281,-25.360839,-97.786126
63505,NaN,4.219213,8.949765,-0.448151,-0.015931,0.027953,0.091850,-0.003835,0.010404,-0.000488,0.561550,0.351391,-0.632545,-0.401338,92.992828,-25.363482,-97.783191
63506,NaN,4.238927,8.918347,-0.427123,-0.039085,-0.000478,0.070951,-0.006861,0.005494,-0.000699,0.561565,0.351370,-0.632545,-0.401336,92.990896,-25.365771,-97.783115
63507,NaN,4.209148,8.935940,-0.429272,-0.033045,0.033795,0.074172,-0.001987,0.007479,-0.003169,0.561572,0.351372,-0.632545,-0.401324,92.991258,-25.366791,-97.781943
63508,NaN,4.248471,8.932553,-0.443296,-0.023896,-0.004269,0.088623,-0.003611,0.006817,-0.002346,0.561581,0.351366,-0.632545,-0.401317,92.990663,-25.368137,-97.781344
63509,NaN,4.219638,8.958420,-0.404067,-0.059063,0.037417,0.097762,-0.002431,0.008419,-0.001511,0.561595,0.351364,-0.632545,-0.401299,92.990538,-25.370135,-97.779631
63510,NaN,4.208731,8.936210,-0.427734,-0.034425,0.035316,0.074162,-0.000736,0.003688,-0.000438,0.561591,0.351348,-0.632564,-0.401288,92.992299,-25.372525,-97.781731
63511,NaN,4.219422,8.958553,-0.403358,-0.059987,0.038446,0.097753,-0.002208,0.004833,-0.003369,0.561590,0.351346,-0.632572,-0.401281,92.993249,-25.373352,-97.782228
63512,NaN,4.247801,8.932958,-0.441570,-0.025774,-0.002185,0.088619,-0.003387,0.003231,-0.004204,0.561580,0.351331,-0.632583,-0.401289,92.993753,-25.373740,-97.784904
63513,NaN,4.208543,8.970448,-0.433300,-0.028994,0.050268,0.105234,-0.004499,0.002467,-0.001086,0.561580,0.351310,-0.632596,-0.401287,92.994064,-25.375803,-97.786976
63514,NaN,4.217911,8.950617,-0.443388,-0.020154,0.032558,0.091828,-0.003097,0.006715,-0.000052,0.561592,0.351296,-0.632600,-0.401276,92.993592,-25.378331,-97.786705
63515,NaN,4.228134,8.939099,-0.411901,-0.052586,0.022325,0.084333,-0.004568,0.007860,-0.002984,0.561605,0.351292,-0.632595,-0.401270,92.992373,-25.379469,-97.785299
63516,NaN,4.227028,8.930942,-0.452749,-0.011821,0.015405,0.078424,-0.002652,0.005774,-0.001711,0.561609,0.351279,-0.632603,-0.401264,92.992521,-25.381212,-97.785983
63517,NaN,4.237061,8.919506,-0.421399,-0.044253,0.005172,0.070928,-0.002497,0.007581,-0.005466,0.561612,0.351288,-0.632598,-0.401259,92.992529,-25.380921,-97.784671
63518,NaN,4.226283,8.931348,-0.451693,-0.012784,0.016448,0.078421,-0.002497,0.007581,-0.005467,0.561613,0.351292,-0.632595,-0.401258,92.992418,-25.380637,-97.784194
63519,NaN,4.226846,8.939809,-0.409715,-0.054482,0.024405,0.084318,-0.001984,0.007478,-0.003172,0.561620,0.351295,-0.632596,-0.401245,92.992781,-25.381657,-97.783023
63520,NaN,4.245667,8.934189,-0.437157,-0.029528,0.001938,0.088608,-0.004188,0.006080,-0.008598,0.561609,0.351292,-0.632592,-0.401269,92.991860,-25.379590,-97.784696
63521,NaN,4.234995,8.920581,-0.419389,-0.046146,0.007270,0.070918,0.000977,0.005319,-0.008971,0.561592,0.351317,-0.632594,-0.401267,92.994423,-25.377227,-97.784701
63522,NaN,4.234709,8.954830,-0.425701,-0.039735,0.021171,0.101995,-0.005145,0.007122,-0.009237,0.561590,0.351325,-0.632580,-0.401286,92.992714,-25.374767,-97.784216
63523,NaN,4.232978,8.946980,-0.466693,0.000981,0.014252,0.096104,-0.000201,0.003716,-0.009807,0.561568,0.351346,-0.632583,-0.401293,92.995025,-25.371877,-97.785207
63524,NaN,4.222216,8.933406,-0.449014,-0.015554,0.019540,0.078412,-0.002783,0.004096,-0.009622,0.561553,0.351356,-0.632578,-0.401312,92.995221,-25.368920,-97.786299
63525,NaN,4.221263,8.933873,-0.448691,-0.016045,0.020062,0.078410,-0.000712,0.003818,-0.012104,0.561528,0.351384,-0.632576,-0.401327,92.997178,-25.364719,-97.787150
63526,NaN,4.210700,8.954282,-0.437885,-0.025730,0.038753,0.091793,-0.000265,0.002878,-0.013763,0.561494,0.351409,-0.632575,-0.401354,92.999160,-25.359440,-97.789407
63527,NaN,4.209621,8.954805,-0.437550,-0.026220,0.039277,0.091790,-0.001893,0.008446,-0.010885,0.561488,0.351439,-0.632560,-0.401360,92.999202,-25.356075,-97.787368
63528,NaN,4.198940,8.941196,-0.419679,-0.042799,0.044623,0.074091,-0.002049,0.006639,-0.007129,0.561480,0.351442,-0.632560,-0.401368,92.999528,-25.354912,-97.788089
63529,NaN,4.238336,8.971903,-0.440798,-0.026879,0.019984,0.119670,0.002896,0.003234,-0.007699,0.561456,0.351465,-0.632574,-0.401360,93.003772,-25.353214,-97.789455
63530,NaN,4.177316,8.939465,-0.432828,-0.027884,0.061169,0.063892,-0.002780,0.004095,-0.009625,0.561443,0.351481,-0.632567,-0.401375,93.004040,-25.350218,-97.789703
63531,NaN,4.236055,8.964329,-0.481737,0.013411,0.013526,0.113795,-0.001758,0.003891,-0.005032,0.561434,0.351483,-0.632575,-0.401373,93.005478,-25.350065,-97.790742
63532,NaN,4.195871,8.968080,-0.467027,0.003390,0.052606,0.099282,0.000761,0.002674,-0.009173,0.561410,0.351502,-0.632584,-0.401377,93.008500,-25.347546,-97.792422
63533,NaN,4.214567,8.962543,-0.494773,0.028277,0.030120,0.103604,-0.002715,0.004933,-0.005671,0.561405,0.351505,-0.632586,-0.401378,93.009098,-25.347059,-97.792780
63534,NaN,4.214983,8.971040,-0.452924,-0.013332,0.038051,0.109467,-0.001758,0.003891,-0.005033,0.561397,0.351506,-0.632590,-0.401380,93.009923,-25.346645,-97.793740
63535,NaN,4.213840,8.962935,-0.493862,0.027384,0.031107,0.103604,-0.005234,0.006150,-0.001531,0.561409,0.351492,-0.632591,-0.401375,93.008807,-25.348564,-97.793466
63536,NaN,4.203629,8.949100,-0.476024,0.010830,0.036401,0.085900,-0.000132,0.004554,-0.005856,0.561397,0.351500,-0.632598,-0.401374,93.010656,-25.347806,-97.794418
63537,NaN,4.233752,8.940126,-0.431294,-0.037438,0.010648,0.088576,-0.002941,0.008518,-0.003814,0.561408,0.351504,-0.632593,-0.401364,93.010179,-25.348490,-97.792569
63538,NaN,4.194012,8.943679,-0.416045,-0.047409,0.049674,0.074046,-0.006859,0.005487,-0.000709,0.561422,0.351481,-0.632591,-0.401366,93.007923,-25.350624,-97.792600
63539,NaN,4.244086,8.962659,-0.405815,-0.063463,0.014319,0.112129,-0.002713,0.004933,-0.005672,0.561418,0.351485,-0.632593,-0.401366,93.008521,-25.350137,-97.792959
63540,NaN,4.202718,8.924233,-0.425446,-0.039091,0.032492,0.060671,-0.005296,0.005312,-0.005488,0.561419,0.351481,-0.632587,-0.401376,93.007316,-25.349679,-97.792995
63541,NaN,4.222095,8.952490,-0.459547,-0.007369,0.023407,0.096084,-0.004338,0.004270,-0.004850,0.561417,0.351476,-0.632589,-0.401380,93.007175,-25.349642,-97.793800
63542,NaN,4.222559,8.960948,-0.417578,-0.049056,0.031433,0.101926,-0.003381,0.003228,-0.004212,0.561408,0.351465,-0.632600,-0.401386,93.007828,-25.350068,-97.796082
63543,NaN,4.211424,8.938892,-0.441129,-0.024443,0.029278,0.078370,-0.004117,0.006915,-0.004652,0.561414,0.351465,-0.632595,-0.401385,93.007099,-25.350224,-97.795220
63544,NaN,4.201664,8.958905,-0.430043,-0.034138,0.048015,0.091727,-0.001246,0.003789,-0.002737,0.561406,0.351452,-0.632611,-0.401383,93.008531,-25.351420,-97.797759
63545,NaN,4.221539,8.961500,-0.416031,-0.050471,0.033009,0.101914,-0.005074,0.007956,-0.005291,0.561415,0.351453,-0.632600,-0.401385,93.006963,-25.351241,-97.796217
63546,NaN,4.200959,8.959284,-0.429042,-0.035035,0.049015,0.091719,0.000380,0.004453,-0.003560,0.561404,0.351450,-0.632614,-0.401381,93.008939,-25.351734,-97.798075
63547,NaN,4.240983,8.964310,-0.401771,-0.067217,0.018484,0.112097,-0.002711,0.004933,-0.005674,0.561399,0.351454,-0.632616,-0.401382,93.009538,-25.351245,-97.798434
63548,NaN,4.209990,8.973749,-0.445651,-0.019901,0.045236,0.109426,-0.002711,0.004933,-0.005674,0.561398,0.351464,-0.632614,-0.401379,93.010010,-25.350630,-97.797685
63549,NaN,4.208709,8.965738,-0.486686,0.020815,0.038264,0.103595,-0.001533,0.006536,-0.004837,0.561398,0.351471,-0.632615,-0.401371,93.010861,-25.350668,-97.797057
63550,NaN,4.178930,8.957794,-0.441022,-0.021113,0.066605,0.081510,-0.001306,0.002951,-0.006695,0.561380,0.351473,-0.632625,-0.401378,93.012689,-25.349517,-97.799409
63551,NaN,4.228126,8.968562,-0.472515,0.004000,0.023780,0.113784,-0.003319,0.004065,-0.000257,0.561384,0.351456,-0.632638,-0.401367,93.013253,-25.352102,-97.800499
63552,NaN,4.198221,8.986128,-0.474800,0.010126,0.058055,0.116941,-0.005292,0.005310,-0.005492,0.561381,0.351444,-0.632637,-0.401382,93.012109,-25.351786,-97.801934
63553,NaN,4.227062,8.935068,-0.464335,-0.003788,0.011411,0.082714,-0.008322,0.006627,-0.003650,0.561396,0.351429,-0.632627,-0.401392,93.009062,-25.352507,-97.801287
63554,NaN,4.227194,8.969118,-0.470289,0.002567,0.025334,0.113781,-0.003158,0.005872,-0.004016,0.561401,0.351433,-0.632625,-0.401386,93.009057,-25.352872,-97.800283
63555,NaN,4.217007,8.955263,-0.452176,-0.014015,0.030658,0.096057,-0.007144,0.008231,-0.002814,0.561420,0.351421,-0.632613,-0.401387,93.006262,-25.354119,-97.798649
63556,NaN,4.187610,8.947146,-0.405844,-0.055915,0.058990,0.073950,-0.006415,0.010773,-0.000318,0.561450,0.351408,-0.632601,-0.401376,93.003026,-25.356792,-97.795675
63557,NaN,4.227616,8.977674,-0.425999,-0.040083,0.034399,0.119586,-0.007592,0.009170,-0.001156,0.561476,0.351392,-0.632589,-0.401373,92.999744,-25.359015,-97.793501
63558,NaN,4.206985,8.941443,-0.431668,-0.031463,0.036980,0.078324,-0.008040,0.010109,0.000502,0.561505,0.351360,-0.632579,-0.401375,92.995440,-25.362104,-97.792381
63559,NaN,4.206716,8.941624,-0.430554,-0.031952,0.037503,0.078321,-0.008157,0.008435,-0.007413,0.561517,0.351361,-0.632557,-0.401392,92.991944,-25.360726,-97.790465
63560,NaN,4.217160,8.964037,-0.405667,-0.057522,0.040723,0.101847,-0.002140,0.005667,0.000579,0.561526,0.351346,-0.632568,-0.401375,92.992488,-25.363735,-97.790745
63561,NaN,4.216822,8.930155,-0.398227,-0.064837,0.027815,0.070777,-0.007082,0.009066,0.001140,0.561555,0.351324,-0.632561,-0.401364,92.989557,-25.367269,-97.788712
63562,NaN,4.235441,8.916176,-0.466796,0.001239,-0.002195,0.069370,-0.005229,0.006147,-0.001539,0.561563,0.351301,-0.632567,-0.401366,92.988362,-25.369316,-97.789874
63563,NaN,4.246038,8.938507,-0.442058,-0.024375,0.001053,0.092895,-0.002647,0.005770,-0.001720,0.561568,0.351294,-0.632573,-0.401354,92.988827,-25.371115,-97.789834
63564,NaN,4.245019,8.930433,-0.483026,0.016388,-0.005976,0.087102,-0.003154,0.005872,-0.004019,0.561568,0.351287,-0.632575,-0.401356,92.988612,-25.371495,-97.790476
63565,NaN,4.234712,8.916615,-0.465029,-0.000184,-0.000656,0.069370,-0.005065,0.007955,-0.005298,0.561578,0.351289,-0.632565,-0.401358,92.987047,-25.371312,-97.788934
63566,NaN,4.234836,8.950674,-0.470927,0.006175,0.013281,0.100433,-0.004337,0.010497,-0.002802,0.561597,0.351287,-0.632553,-0.401351,92.985038,-25.372514,-97.786352
63567,NaN,4.204291,8.934464,-0.466396,0.005474,0.034105,0.072506,-0.002990,0.007681,-0.007779,0.561597,0.351302,-0.632543,-0.401353,92.984701,-25.370903,-97.784902
63568,NaN,4.223945,8.937167,-0.452145,-0.010850,0.019108,0.082697,-0.004843,0.010600,-0.005102,0.561613,0.351304,-0.632527,-0.401355,92.982320,-25.370840,-97.782484
63569,NaN,4.243622,8.939857,-0.437954,-0.027212,0.004130,0.092887,-0.002033,0.006639,-0.007140,0.561609,0.351318,-0.632523,-0.401355,92.982823,-25.369564,-97.781715
63570,NaN,4.202946,8.909685,-0.416287,-0.043904,0.029720,0.047218,-0.002988,0.007681,-0.007780,0.561601,0.351316,-0.632519,-0.401374,92.981985,-25.367838,-97.782903
63571,NaN,4.213385,8.966136,-0.398422,-0.062708,0.046435,0.101791,-0.000627,0.004659,-0.008159,0.561587,0.351333,-0.632521,-0.401376,92.983816,-25.365920,-97.783354
63572,NaN,4.201339,8.935993,-0.463697,0.003171,0.036658,0.072498,-0.002702,0.004933,-0.005680,0.561581,0.351333,-0.632523,-0.401380,92.984217,-25.365406,-97.784099
63573,NaN,4.211426,8.958535,-0.439197,-0.022452,0.039931,0.096008,-0.000626,0.004659,-0.008160,0.561566,0.351350,-0.632526,-0.401382,92.986049,-25.363487,-97.784550
63574,NaN,4.230442,8.927451,-0.418653,-0.045606,0.011526,0.075137,-0.001581,0.005700,-0.008801,0.561551,0.351359,-0.632526,-0.401394,92.986890,-25.361343,-97.785785
63575,NaN,4.190055,8.956703,-0.452099,-0.007526,0.056487,0.085809,-0.000064,0.005392,-0.001903,0.561551,0.351359,-0.632539,-0.401375,92.988933,-25.363026,-97.785979
63576,NaN,4.229271,8.953551,-0.466221,0.001510,0.018423,0.100427,-0.002251,0.003994,-0.007341,0.561537,0.351361,-0.632541,-0.401389,92.989479,-25.361335,-97.787682
63577,NaN,4.199085,8.971195,-0.468922,0.007644,0.052687,0.103548,0.002012,0.005119,-0.004382,0.561527,0.351374,-0.632554,-0.401371,92.992751,-25.361591,-97.787968
63578,NaN,4.219040,8.973734,-0.455200,-0.008631,0.037657,0.113738,-0.001690,0.004727,-0.001083,0.561525,0.351357,-0.632568,-0.401368,92.993390,-25.363430,-97.789963
63579,NaN,4.218481,8.939949,-0.448143,-0.015931,0.024724,0.082677,-0.001019,0.006433,-0.002544,0.561528,0.351358,-0.632574,-0.401352,92.994595,-25.364777,-97.789477
63580,NaN,4.208097,8.951655,-0.478641,0.015556,0.035901,0.090230,-0.001690,0.004727,-0.001083,0.561531,0.351351,-0.632585,-0.401338,92.995685,-25.366724,-97.789820
63581,NaN,4.208657,8.959954,-0.436788,-0.026138,0.043988,0.095982,-0.002195,0.004830,-0.003383,0.561529,0.351349,-0.632592,-0.401331,92.996639,-25.367543,-97.790321
63582,NaN,4.217996,8.940240,-0.446913,-0.017338,0.026228,0.082671,-0.004271,0.005103,-0.000904,0.561536,0.351331,-0.632598,-0.401327,92.996125,-25.369656,-97.791054
63583,NaN,4.207758,8.926357,-0.429128,-0.033889,0.031546,0.064918,-0.001073,0.005598,-0.006503,0.561529,0.351343,-0.632600,-0.401324,92.997469,-25.368713,-97.790965
63584,NaN,4.237974,8.976871,-0.439144,-0.027393,0.025260,0.123916,-0.004271,0.005102,-0.000905,0.561535,0.351323,-0.632609,-0.401319,92.997142,-25.370986,-97.792009
63585,NaN,4.226684,8.920885,-0.456090,-0.009544,0.009541,0.069361,-0.003370,0.003226,-0.004223,0.561528,0.351317,-0.632616,-0.401321,92.997847,-25.371277,-97.793498
63586,NaN,4.226342,8.921067,-0.455684,-0.010016,0.010070,0.069360,-0.000347,0.008139,-0.004006,0.561531,0.351324,-0.632618,-0.401307,92.998851,-25.371892,-97.792452
63587,NaN,4.207046,8.960846,-0.433992,-0.029016,0.047115,0.095960,-0.003820,0.004164,-0.002564,0.561532,0.351314,-0.632626,-0.401304,92.999067,-25.373159,-97.793403
63588,NaN,4.236509,8.943594,-0.430447,-0.036073,0.013838,0.092850,-0.004554,0.007849,-0.003008,0.561547,0.351311,-0.632616,-0.401301,92.997348,-25.373989,-97.791530
63589,NaN,4.206060,8.927306,-0.426034,-0.036724,0.034632,0.064897,-0.002477,0.007577,-0.005487,0.561551,0.351320,-0.632611,-0.401296,92.997365,-25.373687,-97.790222
63590,NaN,4.215446,8.941642,-0.442893,-0.021040,0.030294,0.082652,-0.002246,0.003994,-0.007344,0.561534,0.351317,-0.632615,-0.401316,92.997649,-25.371917,-97.792796
63591,NaN,4.186093,8.967412,-0.403785,-0.056090,0.072142,0.091481,-0.005225,0.006143,-0.001548,0.561546,0.351302,-0.632616,-0.401311,92.996537,-25.373825,-97.792527
63592,NaN,4.224783,8.956041,-0.459029,-0.005973,0.026614,0.100407,-0.003147,0.005870,-0.004026,0.561542,0.351289,-0.632624,-0.401314,92.996754,-25.374690,-97.794261
63593,NaN,4.214447,8.942202,-0.441106,-0.022514,0.031931,0.082644,-0.005277,0.005307,-0.005507,0.561543,0.351286,-0.632620,-0.401322,92.995782,-25.374308,-97.794390
63594,NaN,4.214558,8.976243,-0.447203,-0.016111,0.045890,0.113694,-0.002643,0.005767,-0.001726,0.561545,0.351269,-0.632628,-0.401321,92.995608,-25.375946,-97.795680
63595,NaN,4.213966,8.942487,-0.439909,-0.023397,0.032937,0.082639,-0.004552,0.007849,-0.003010,0.561558,0.351265,-0.632623,-0.401315,92.994397,-25.377069,-97.794283
63596,NaN,4.233069,8.936955,-0.467013,0.001482,0.010370,0.087112,-0.006010,0.008992,-0.005952,0.561567,0.351258,-0.632609,-0.401331,92.991541,-25.376449,-97.793640
63597,NaN,4.203001,8.954551,-0.469159,0.007645,0.044630,0.090204,-0.004772,0.005204,-0.003208,0.561571,0.351248,-0.632610,-0.401331,92.990919,-25.377379,-97.793910
63598,NaN,4.222966,8.957102,-0.455042,-0.008730,0.029666,0.100396,-0.002643,0.005767,-0.001727,0.561576,0.351240,-0.632617,-0.401321,92.991229,-25.379060,-97.794097
63599,NaN,4.232521,8.911743,-0.416937,-0.047964,0.006037,0.061770,-0.004100,0.006911,-0.004670,0.561582,0.351240,-0.632612,-0.401320,92.990508,-25.379205,-97.793239
63600,NaN,4.212953,8.951616,-0.395126,-0.066925,0.043091,0.088332,-0.002022,0.006639,-0.007148,0.561578,0.351253,-0.632607,-0.401323,92.990797,-25.377827,-97.792597
63601,NaN,4.231550,8.912253,-0.415882,-0.048911,0.007061,0.061764,-0.003145,0.005870,-0.004029,0.561580,0.351252,-0.632608,-0.401319,92.990914,-25.378307,-97.792419
63602,NaN,4.231481,8.946374,-0.422062,-0.042592,0.021089,0.092811,-0.002021,0.006639,-0.007149,0.561573,0.351258,-0.632608,-0.401324,92.991317,-25.377137,-97.792756
63603,NaN,4.210735,8.944242,-0.435149,-0.027170,0.037071,0.082614,-0.003868,0.003328,-0.006528,0.561564,0.351258,-0.632610,-0.401334,92.991675,-25.376111,-97.794105
63604,NaN,4.219739,8.924710,-0.445430,-0.018445,0.019319,0.069334,-0.000112,0.004557,-0.005865,0.561559,0.351280,-0.632613,-0.401317,92.994095,-25.375514,-97.792776
63605,NaN,4.219962,8.992741,-0.458489,-0.005362,0.046824,0.131430,-0.002241,0.003994,-0.007348,0.561546,0.351288,-0.632615,-0.401323,92.995192,-25.374039,-97.793676
63606,NaN,4.228547,8.939354,-0.462033,-0.003367,0.015558,0.087104,-0.002692,0.004932,-0.005689,0.561542,0.351293,-0.632616,-0.401324,92.995657,-25.373468,-97.793802
63607,NaN,4.198327,8.956982,-0.464582,0.002807,0.049818,0.090182,-0.001066,0.005598,-0.006508,0.561535,0.351305,-0.632618,-0.401321,92.997005,-25.372522,-97.793715
63608,NaN,4.208008,8.945608,-0.433455,-0.029633,0.039680,0.082597,-0.000111,0.004557,-0.005866,0.561524,0.351316,-0.632625,-0.401314,92.999189,-25.371933,-97.794188
63609,NaN,4.197746,8.965752,-0.422579,-0.039374,0.058489,0.095863,-0.001115,0.004763,-0.010469,0.561506,0.351339,-0.632622,-0.401323,93.000679,-25.368695,-97.794497
63610,NaN,4.216755,8.960276,-0.450127,-0.014567,0.035939,0.100368,-0.001468,0.007369,-0.000889,0.561516,0.351334,-0.632629,-0.401305,93.001321,-25.371031,-97.793819
63611,NaN,4.225981,8.940657,-0.460300,-0.005806,0.018175,0.087099,-0.002018,0.006638,-0.007152,0.561512,0.351347,-0.632625,-0.401305,93.001831,-25.369748,-97.793051
63612,NaN,4.205986,8.946637,-0.431824,-0.031563,0.041806,0.082582,-0.004097,0.006909,-0.004674,0.561513,0.351337,-0.632625,-0.401312,93.001050,-25.370076,-97.793902
63613,NaN,4.224944,8.941205,-0.459162,-0.006772,0.019251,0.087096,-0.003192,0.005034,-0.007993,0.561504,0.351347,-0.632622,-0.401320,93.001311,-25.368264,-97.794122
63614,NaN,4.214526,8.927378,-0.441300,-0.023284,0.024574,0.069312,-0.004769,0.005201,-0.003214,0.561507,0.351334,-0.632625,-0.401323,93.000664,-25.369270,-97.794938
63615,NaN,4.223796,8.941801,-0.458123,-0.007746,0.020309,0.087093,0.001409,0.009782,-0.012554,0.561497,0.351380,-0.632609,-0.401322,93.002209,-25.364990,-97.792000
63616,NaN,4.212944,8.928171,-0.440378,-0.024248,0.025634,0.069307,-0.004144,0.006074,-0.008637,0.561487,0.351381,-0.632605,-0.401341,93.001561,-25.362935,-97.793201
63617,NaN,4.222703,8.950819,-0.415668,-0.049915,0.029010,0.092757,-0.000890,0.007408,-0.010275,0.561477,0.351410,-0.632596,-0.401345,93.002464,-25.359889,-97.791843
63618,NaN,4.221712,8.951306,-0.415251,-0.050383,0.029538,0.092753,-0.001390,0.007510,-0.012578,0.561465,0.351443,-0.632580,-0.401357,93.002885,-25.355563,-97.790327
63619,NaN,4.200575,8.949347,-0.428338,-0.034943,0.045502,0.082555,-0.003689,0.005136,-0.010298,0.561453,0.351459,-0.632571,-0.401374,93.002801,-25.352435,-97.790406
63620,NaN,4.209632,8.963867,-0.445264,-0.019363,0.041206,0.100340,-0.000154,0.003723,-0.009831,0.561430,0.351477,-0.632574,-0.401386,93.004802,-25.349380,-97.791883
63621,NaN,4.218422,8.944462,-0.455676,-0.010603,0.023431,0.087084,-0.000607,0.004660,-0.008172,0.561415,0.351494,-0.632577,-0.401387,93.006642,-25.347454,-97.792334
63622,NaN,4.178030,8.948060,-0.441039,-0.020421,0.062488,0.072348,-0.001561,0.005700,-0.008816,0.561404,0.351510,-0.632574,-0.401393,93.007609,-25.345273,-97.792401
63623,NaN,4.217697,8.953282,-0.413444,-0.052778,0.032142,0.092733,-0.004534,0.001618,-0.005074,0.561393,0.351499,-0.632583,-0.401404,93.008069,-25.345028,-97.794882
63624,NaN,4.196895,8.976763,-0.474722,0.010710,0.053919,0.107925,-0.003361,0.003222,-0.004233,0.561384,0.351486,-0.632591,-0.401415,93.008289,-25.345122,-97.797346
63625,NaN,4.187081,8.971068,-0.415504,-0.046998,0.066884,0.095777,-0.002014,0.006637,-0.007157,0.561380,0.351500,-0.632587,-0.401414,93.008802,-25.343836,-97.796579
63626,NaN,4.196023,8.977217,-0.473850,0.009801,0.054924,0.107921,-0.002861,0.003119,-0.001931,0.561373,0.351479,-0.632602,-0.401418,93.009387,-25.345258,-97.799524
63627,NaN,4.186286,8.997095,-0.462715,0.000063,0.073753,0.121163,-0.005441,0.003491,-0.001756,0.561377,0.351460,-0.632610,-0.401420,93.008866,-25.346968,-97.800929
63628,NaN,4.225544,8.960056,-0.469653,0.002210,0.022177,0.104868,-0.005676,0.007072,0.000101,0.561394,0.351437,-0.632608,-0.401417,93.006708,-25.349571,-97.800558
63629,NaN,4.216060,8.979828,-0.458227,-0.007529,0.041008,0.118108,-0.006349,0.005365,0.001562,0.561412,0.351408,-0.632614,-0.401408,93.005206,-25.353235,-97.800887
63630,NaN,4.235478,8.974239,-0.485399,0.017245,0.018453,0.122664,-0.004093,0.006906,-0.004680,0.561416,0.351405,-0.632611,-0.401410,93.004471,-25.353464,-97.800625
63631,NaN,4.215704,8.946024,-0.450127,-0.015267,0.028545,0.087064,-0.005131,0.007803,0.006366,0.561448,0.351370,-0.632622,-0.401379,93.003074,-25.359950,-97.799570
63632,NaN,4.206033,8.931830,-0.432163,-0.031722,0.033809,0.069261,-0.004267,0.005096,-0.000916,0.561457,0.351354,-0.632626,-0.401374,93.002488,-25.361976,-97.799890
63633,NaN,4.236064,8.948449,-0.434996,-0.032149,0.014126,0.097255,-0.009427,0.005840,-0.000568,0.561477,0.351324,-0.632621,-0.401380,92.999063,-25.364436,-97.799847
63634,NaN,4.225508,8.926276,-0.458207,-0.007479,0.011764,0.073823,-0.006627,0.008112,-0.000545,0.561505,0.351318,-0.632610,-0.401363,92.996846,-25.366989,-97.796563
63635,NaN,4.225447,8.926347,-0.457377,-0.007969,0.012286,0.073822,-0.005219,0.006135,-0.001560,0.561516,0.351304,-0.632611,-0.401359,92.995738,-25.368890,-97.796300
63636,NaN,4.215285,8.912381,-0.439362,-0.024415,0.017552,0.056016,-0.005718,0.006239,-0.003864,0.561524,0.351295,-0.632605,-0.401365,92.993938,-25.369292,-97.795940
63637,NaN,4.235411,8.948918,-0.431681,-0.034097,0.016190,0.097245,-0.004090,0.006907,-0.004682,0.561530,0.351295,-0.632600,-0.401364,92.993222,-25.369430,-97.795085
63638,NaN,4.234023,8.907160,-0.466001,-0.000113,-0.004503,0.060589,-0.000836,0.008243,-0.006317,0.561530,0.351309,-0.632596,-0.401359,92.993807,-25.368697,-97.793934
63639,NaN,4.224613,8.935268,-0.413220,-0.051052,0.022020,0.079432,-0.007344,0.005570,-0.003048,0.561540,0.351292,-0.632592,-0.401366,92.991613,-25.369730,-97.793979
63640,NaN,4.214008,8.947149,-0.443612,-0.019603,0.033192,0.087042,0.003372,0.008539,-0.007308,0.561532,0.351324,-0.632594,-0.401346,92.994803,-25.368483,-97.792217
63641,NaN,4.223649,8.935765,-0.412322,-0.052046,0.023083,0.079424,-0.005042,0.007946,-0.005328,0.561541,0.351326,-0.632583,-0.401348,92.993252,-25.368283,-97.790682
63642,NaN,4.212894,8.947714,-0.442795,-0.020538,0.034245,0.087037,0.001981,0.004291,-0.008348,0.561516,0.351339,-0.632596,-0.401352,92.996407,-25.366318,-97.792988
63643,NaN,4.203065,9.001642,-0.438594,-0.023524,0.066634,0.131290,-0.001509,0.006534,-0.004857,0.561516,0.351347,-0.632597,-0.401344,92.997270,-25.366345,-97.792363
63644,NaN,4.231940,8.950700,-0.428776,-0.037471,0.019878,0.097226,0.001307,0.002583,-0.006887,0.561493,0.351360,-0.632612,-0.401340,93.000756,-25.365069,-97.794286
63645,NaN,4.211634,8.982371,-0.448988,-0.015253,0.049355,0.118061,0.000852,0.003519,-0.005228,0.561478,0.351369,-0.632625,-0.401331,93.003784,-25.364794,-97.795559
63646,NaN,4.200831,8.960298,-0.472873,0.009523,0.046940,0.094645,-0.005438,0.003490,-0.001761,0.561478,0.351341,-0.632635,-0.401341,93.002874,-25.366426,-97.798241
63647,NaN,4.240712,8.965414,-0.445163,-0.022890,0.016652,0.115034,-0.001053,0.005598,-0.006517,0.561471,0.351354,-0.632637,-0.401338,93.004228,-25.365475,-97.798154
63648,NaN,4.199965,8.960745,-0.472081,0.008568,0.047980,0.094641,0.000119,0.007203,-0.005675,0.561466,0.351364,-0.632640,-0.401331,93.005679,-25.365047,-97.797872
63649,NaN,4.199699,8.960894,-0.471637,0.008079,0.048502,0.094639,-0.004265,0.005094,-0.000920,0.561473,0.351349,-0.632646,-0.401323,93.005409,-25.367284,-97.798291
63650,NaN,4.239234,8.957814,-0.485232,0.016880,0.010532,0.109439,-0.004543,0.007841,-0.003027,0.561481,0.351335,-0.632646,-0.401325,93.004095,-25.368519,-97.798474
63651,NaN,4.209476,8.949492,-0.439362,-0.024834,0.038945,0.087009,-0.004542,0.007841,-0.003027,0.561494,0.351331,-0.632640,-0.401319,93.002891,-25.369633,-97.797084
63652,NaN,4.219159,8.963772,-0.455935,-0.009319,0.034681,0.104828,-0.002914,0.008509,-0.003845,0.561502,0.351330,-0.632637,-0.401315,93.002317,-25.370260,-97.796133
63653,NaN,4.219095,8.938159,-0.407011,-0.057752,0.029364,0.079376,-0.007121,0.008211,-0.002856,0.561520,0.351319,-0.632626,-0.401316,92.999536,-25.371482,-97.794513
63654,NaN,4.208526,8.950046,-0.437163,-0.026295,0.040535,0.086999,-0.002002,0.006638,-0.007164,0.561516,0.351330,-0.632624,-0.401316,93.000145,-25.370351,-97.794127
63655,NaN,4.198136,8.936150,-0.419442,-0.042769,0.045837,0.069171,-0.001961,0.007470,-0.003200,0.561522,0.351333,-0.632624,-0.401303,93.000517,-25.371354,-97.792966
63656,NaN,4.217932,8.938784,-0.405352,-0.059206,0.030962,0.079363,-0.003353,0.003221,-0.004240,0.561514,0.351322,-0.632634,-0.401310,93.001077,-25.371626,-97.795222
63657,NaN,4.217044,8.930875,-0.446416,-0.018495,0.023763,0.073787,-0.003352,0.003221,-0.004241,0.561507,0.351315,-0.632642,-0.401312,93.001791,-25.371906,-97.796717
63658,NaN,4.216584,8.931111,-0.446034,-0.018929,0.024255,0.073785,-0.001049,0.005598,-0.006519,0.561498,0.351323,-0.632644,-0.401315,93.002774,-25.370823,-97.797308
63659,NaN,4.246113,8.947970,-0.449382,-0.019414,0.004611,0.101807,-0.000097,0.004559,-0.005874,0.561487,0.351333,-0.632652,-0.401309,93.004966,-25.370209,-97.797901
63660,NaN,4.205273,8.943346,-0.476354,0.012091,0.035875,0.081414,-0.001544,0.005702,-0.008825,0.561479,0.351355,-0.632645,-0.401313,93.005672,-25.367756,-97.797028
63661,NaN,4.215019,8.965932,-0.451737,-0.013620,0.039351,0.104805,-0.000373,0.007306,-0.007983,0.561473,0.351377,-0.632641,-0.401309,93.006930,-25.366018,-97.795812
63662,NaN,4.203796,8.944075,-0.475694,0.011190,0.036880,0.081411,0.000084,0.006371,-0.009642,0.561455,0.351394,-0.632639,-0.401321,93.008164,-25.363146,-97.796655
63663,NaN,4.242797,8.941267,-0.489629,0.019940,-0.001105,0.096244,-0.001048,0.005598,-0.006521,0.561448,0.351406,-0.632641,-0.401318,93.009520,-25.362193,-97.796568
63664,NaN,4.202519,8.944712,-0.475006,0.010247,0.037901,0.081408,-0.001999,0.006637,-0.007167,0.561444,0.351419,-0.632636,-0.401319,93.009801,-25.360802,-97.795746
63665,NaN,4.222880,8.955434,-0.419132,-0.047424,0.030779,0.097156,-0.007081,0.009040,0.001103,0.561474,0.351397,-0.632629,-0.401308,93.006875,-25.364314,-97.793734
63666,NaN,4.202408,8.978885,-0.479966,0.016021,0.052466,0.112431,-0.006205,0.006337,-0.006181,0.561480,0.351399,-0.632616,-0.401318,93.004893,-25.363301,-97.792647
63667,NaN,4.212097,8.967482,-0.448225,-0.016425,0.042383,0.104788,-0.006662,0.007273,-0.004522,0.561491,0.351392,-0.632605,-0.401325,93.002606,-25.363542,-97.791567
63668,NaN,4.221398,8.947936,-0.458012,-0.007637,0.024515,0.091598,-0.005710,0.006234,-0.003877,0.561501,0.351387,-0.632598,-0.401328,93.000898,-25.363911,-97.790701
63669,NaN,4.221156,8.948092,-0.457198,-0.008127,0.025038,0.091597,-0.006166,0.007169,-0.002218,0.561516,0.351374,-0.632592,-0.401326,92.998956,-25.365468,-97.789763
63670,NaN,4.231598,8.970358,-0.432101,-0.033776,0.028490,0.114976,-0.006348,0.005357,0.001550,0.561531,0.351339,-0.632599,-0.401326,92.996962,-25.368919,-97.791059
63671,NaN,4.211064,8.934080,-0.438664,-0.025003,0.030812,0.073753,0.001078,0.006164,-0.005033,0.561524,0.351353,-0.632606,-0.401311,92.999403,-25.368834,-97.790664
63672,NaN,4.220579,8.948453,-0.455466,-0.009458,0.026506,0.091592,-0.005251,0.005298,-0.005537,0.561525,0.351347,-0.632601,-0.401325,92.997969,-25.368168,-97.791129
63673,NaN,4.220748,8.956717,-0.413141,-0.051147,0.034783,0.097124,-0.005946,0.009812,-0.002022,0.561548,0.351340,-0.632589,-0.401317,92.995439,-25.369916,-97.788523
63674,NaN,4.219772,8.914877,-0.447328,-0.017144,0.013961,0.060565,-0.001958,0.007469,-0.003204,0.561552,0.351337,-0.632592,-0.401309,92.995705,-25.370883,-97.788294
63675,NaN,4.229936,8.937247,-0.422605,-0.042868,0.017468,0.083938,-0.002177,0.004825,-0.003402,0.561550,0.351335,-0.632599,-0.401303,92.996667,-25.371691,-97.788801
63676,NaN,4.209606,8.934903,-0.435879,-0.027336,0.033351,0.073738,-0.001006,0.006430,-0.002558,0.561549,0.351329,-0.632609,-0.401294,92.997701,-25.372984,-97.789636
63677,NaN,4.219024,8.915291,-0.446126,-0.018584,0.015514,0.060560,-0.002177,0.004825,-0.003402,0.561547,0.351326,-0.632616,-0.401287,92.998664,-25.373792,-97.790143
63678,NaN,4.229431,8.971575,-0.428024,-0.037552,0.032621,0.114950,-0.003347,0.003220,-0.004246,0.561540,0.351316,-0.632625,-0.401293,92.999135,-25.374118,-97.792175
63679,NaN,4.218698,8.923776,-0.403822,-0.060721,0.024329,0.066077,-0.001042,0.005599,-0.006524,0.561532,0.351328,-0.632627,-0.401290,93.000493,-25.373163,-97.792088
63680,NaN,4.247829,8.932565,-0.448510,-0.020015,-0.003084,0.088602,-0.003347,0.003220,-0.004246,0.561525,0.351319,-0.632634,-0.401296,93.000946,-25.373295,-97.794021
63681,NaN,4.207776,8.969890,-0.440549,-0.022986,0.049530,0.104742,-0.001077,0.004768,-0.010490,0.561507,0.351342,-0.632632,-0.401306,93.002454,-25.370046,-97.794329
63682,NaN,4.216814,8.950465,-0.450763,-0.014192,0.031685,0.091571,-0.003127,0.005863,-0.004050,0.561506,0.351333,-0.632635,-0.401309,93.002303,-25.370520,-97.795275
63683,NaN,4.226340,8.964851,-0.467431,0.001274,0.027437,0.109421,-0.003620,0.005967,-0.006357,0.561504,0.351338,-0.632631,-0.401313,93.002087,-25.369672,-97.794961
63684,NaN,4.186158,8.968206,-0.452632,-0.008417,0.066470,0.094534,-0.004077,0.006902,-0.004698,0.561515,0.351346,-0.632623,-0.401305,93.001444,-25.369860,-97.792768
63685,NaN,4.235522,8.953683,-0.435316,-0.031675,0.017906,0.101760,-0.003619,0.005967,-0.006357,0.561513,0.351351,-0.632619,-0.401309,93.001228,-25.369012,-97.792453
63686,NaN,4.235014,8.953955,-0.434681,-0.032144,0.018397,0.101758,-0.005247,0.005297,-0.005542,0.561514,0.351349,-0.632613,-0.401318,93.000105,-25.368436,-97.792456
63687,NaN,4.234444,8.954255,-0.434039,-0.032634,0.018921,0.101755,-0.002941,0.007676,-0.007820,0.561514,0.351364,-0.632603,-0.401321,92.999793,-25.366802,-97.791012
63688,NaN,4.194151,8.957640,-0.419427,-0.042252,0.057914,0.086858,0.000131,0.007204,-0.005682,0.561510,0.351375,-0.632605,-0.401315,93.001032,-25.366253,-97.790668
63689,NaN,4.243348,8.968959,-0.450363,-0.017612,0.015172,0.119609,-0.005465,0.002653,-0.005741,0.561502,0.351366,-0.632607,-0.401329,93.000666,-25.365658,-97.792473
63690,NaN,4.202467,8.930337,-0.470490,0.007206,0.032797,0.068197,-0.004076,0.006901,-0.004700,0.561508,0.351368,-0.632602,-0.401327,92.999974,-25.365767,-97.791429
63691,NaN,4.202454,8.938630,-0.428431,-0.034480,0.041108,0.073687,-0.002666,0.004928,-0.005712,0.561503,0.351372,-0.632604,-0.401328,93.000595,-25.365257,-97.791794
63692,NaN,4.221948,8.967186,-0.462299,-0.003066,0.032098,0.109407,-0.004075,0.006901,-0.004700,0.561506,0.351368,-0.632601,-0.401331,92.999821,-25.365411,-97.791741
63693,NaN,4.211556,8.953254,-0.444493,-0.019501,0.037389,0.091542,-0.002447,0.007572,-0.005515,0.561510,0.351377,-0.632597,-0.401326,92.999853,-25.365092,-97.790439
63694,NaN,4.191060,8.950995,-0.457573,-0.003930,0.053219,0.081342,-0.004075,0.006901,-0.004701,0.561514,0.351375,-0.632591,-0.401330,92.998827,-25.365009,-97.789921
63695,NaN,4.230414,8.948131,-0.471028,0.004747,0.015247,0.096252,-0.003855,0.009544,-0.004504,0.561528,0.351381,-0.632580,-0.401323,92.997532,-25.365328,-97.787404
63696,NaN,4.210336,8.953918,-0.442676,-0.020915,0.038908,0.091533,0.000133,0.007204,-0.005684,0.561526,0.351398,-0.632580,-0.401311,92.999076,-25.364858,-97.786166
63697,NaN,4.210349,8.962184,-0.400510,-0.062603,0.047233,0.097007,-0.008281,0.006597,-0.003721,0.561540,0.351383,-0.632570,-0.401321,92.996056,-25.365537,-97.785541
63698,NaN,4.199262,8.932109,-0.465435,0.003424,0.036897,0.068185,-0.005702,0.006230,-0.003888,0.561544,0.351366,-0.632568,-0.401333,92.994223,-25.366042,-97.786500
63699,NaN,4.189610,8.960082,-0.412583,-0.047501,0.063608,0.086799,-0.004073,0.006901,-0.004703,0.561550,0.351366,-0.632563,-0.401332,92.993517,-25.366168,-97.785650
63700,NaN,4.218894,8.968900,-0.456896,-0.006833,0.036209,0.109391,-0.005701,0.006229,-0.003889,0.561552,0.351346,-0.632563,-0.401347,92.991803,-25.366731,-97.787291
63701,NaN,4.228308,8.949354,-0.466692,0.001914,0.018347,0.096247,-0.007329,0.005558,-0.003074,0.561562,0.351330,-0.632559,-0.401354,92.989618,-25.367749,-97.787345
63702,NaN,4.208842,8.963068,-0.396545,-0.064914,0.049816,0.096979,-0.005210,0.006125,-0.001581,0.561574,0.351315,-0.632558,-0.401351,92.988296,-25.369548,-97.787048
63703,NaN,4.238165,8.971875,-0.440991,-0.024298,0.022423,0.119581,-0.000815,0.008243,-0.006332,0.561575,0.351333,-0.632553,-0.401342,92.989069,-25.368782,-97.785294
63704,NaN,4.197654,8.941297,-0.419737,-0.040607,0.047781,0.073634,-0.005240,0.005295,-0.005550,0.561577,0.351332,-0.632547,-0.401349,92.987954,-25.368198,-97.784931
63705,NaN,4.216874,8.936006,-0.446823,-0.015926,0.025150,0.078368,-0.005021,0.007938,-0.005353,0.561586,0.351334,-0.632536,-0.401351,92.986414,-25.367982,-97.783403
63706,NaN,4.206410,8.947911,-0.476929,0.015580,0.036198,0.086045,-0.005699,0.006229,-0.003891,0.561598,0.351333,-0.632526,-0.401351,92.984705,-25.368329,-97.781822
63707,NaN,4.226105,8.950605,-0.462644,-0.000939,0.021386,0.096241,-0.001492,0.006533,-0.004871,0.561598,0.351340,-0.632527,-0.401343,92.985575,-25.368348,-97.781199
63708,NaN,4.215717,8.936644,-0.444969,-0.017312,0.026657,0.078362,-0.004289,0.004257,-0.004903,0.561594,0.351332,-0.632530,-0.401353,92.985155,-25.368226,-97.782560
63709,NaN,4.225212,8.951081,-0.461588,-0.001873,0.022416,0.096239,-0.003610,0.005966,-0.006365,0.561593,0.351337,-0.632526,-0.401357,92.984944,-25.367372,-97.782247
63710,NaN,4.214682,8.937194,-0.443716,-0.018209,0.027673,0.078358,-0.004340,0.009647,-0.006818,0.561599,0.351339,-0.632511,-0.401368,92.982775,-25.366259,-97.781005
63711,NaN,4.224219,8.951613,-0.460351,-0.002772,0.023432,0.096236,-0.002389,0.002180,-0.003606,0.561589,0.351331,-0.632525,-0.401367,92.984330,-25.366871,-97.783180
63712,NaN,4.204062,8.957379,-0.432154,-0.028372,0.047123,0.091479,-0.001980,0.006638,-0.007180,0.561578,0.351330,-0.632528,-0.401381,92.984548,-25.365650,-97.784863
63713,NaN,4.223637,8.960122,-0.417960,-0.044898,0.032321,0.101673,-0.003119,0.005862,-0.004058,0.561580,0.351329,-0.632529,-0.401377,92.984679,-25.366114,-97.784692
63714,NaN,4.213010,8.938078,-0.441787,-0.020122,0.029791,0.078348,-0.001951,0.007467,-0.003213,0.561586,0.351330,-0.632530,-0.401364,92.985129,-25.367218,-97.783695
63715,NaN,4.213020,8.946275,-0.399944,-0.061808,0.038154,0.083780,0.001088,0.006167,-0.005037,0.561580,0.351345,-0.632537,-0.401349,92.987574,-25.367131,-97.783299
63716,NaN,4.192651,8.943943,-0.413312,-0.046252,0.054016,0.073577,-0.003798,0.004151,-0.002596,0.561579,0.351330,-0.632547,-0.401349,92.987794,-25.368473,-97.784871
63717,NaN,4.222343,8.960801,-0.416493,-0.046863,0.034457,0.101656,0.000870,0.003524,-0.005234,0.561564,0.351340,-0.632561,-0.401339,92.990828,-25.368194,-97.786142
63718,NaN,4.241613,8.955489,-0.444219,-0.022188,0.011800,0.106423,-0.000978,0.000209,-0.004618,0.561543,0.351335,-0.632581,-0.401341,92.993628,-25.368081,-97.789559
63719,NaN,4.221035,8.919231,-0.451212,-0.013317,0.013999,0.065219,-0.000051,0.005391,-0.001915,0.561542,0.351335,-0.632593,-0.401323,92.995675,-25.369756,-97.789758
63720,NaN,4.220991,8.953294,-0.457254,-0.007079,0.028137,0.096222,-0.005017,0.007937,-0.005358,0.561552,0.351336,-0.632581,-0.401327,92.993823,-25.369414,-97.788229
63721,NaN,4.220584,8.953507,-0.456845,-0.007569,0.028660,0.096220,0.002039,0.005129,-0.004389,0.561542,0.351350,-0.632594,-0.401309,92.997103,-25.369667,-97.788512
63722,NaN,4.220577,8.961694,-0.415157,-0.049178,0.037038,0.101636,-0.002387,0.002180,-0.003608,0.561527,0.351328,-0.632612,-0.401320,92.998178,-25.370334,-97.792691
63723,NaN,4.210195,8.947709,-0.397605,-0.065580,0.042324,0.083738,-0.002657,0.004927,-0.005720,0.561522,0.351332,-0.632614,-0.401321,92.998804,-25.369819,-97.793058
63724,NaN,4.249451,8.970801,-0.459275,-0.009001,0.010111,0.124307,-0.003117,0.005861,-0.004061,0.561516,0.351315,-0.632620,-0.401334,92.998270,-25.370097,-97.795338
63725,NaN,4.199246,8.959866,-0.427395,-0.034495,0.053879,0.091425,-0.004554,0.007003,-0.007020,0.561518,0.351322,-0.632610,-0.401341,92.997227,-25.368900,-97.794348
63726,NaN,4.208362,8.940479,-0.437491,-0.025773,0.036026,0.078314,-0.002194,0.003994,-0.007381,0.561505,0.351329,-0.632615,-0.401346,92.998522,-25.367591,-97.795575
63727,NaN,4.198175,8.960414,-0.426436,-0.035495,0.054963,0.091416,-0.001949,0.007466,-0.003215,0.561512,0.351331,-0.632615,-0.401333,92.998900,-25.368585,-97.794418
63728,NaN,4.237569,8.957615,-0.439928,-0.026869,0.017009,0.106404,-0.005233,0.005292,-0.005558,0.561510,0.351321,-0.632614,-0.401348,92.997773,-25.368213,-97.795642
63729,NaN,4.216986,8.955394,-0.453072,-0.011303,0.032838,0.096204,-0.001975,0.006637,-0.007185,0.561506,0.351335,-0.632610,-0.401347,92.998304,-25.366911,-97.794877
63730,NaN,4.226298,8.935931,-0.463029,-0.002564,0.014923,0.083101,-0.007323,0.005553,-0.003086,0.561518,0.351322,-0.632603,-0.401352,92.996126,-25.367796,-97.794358
63731,NaN,4.216183,8.955840,-0.451731,-0.012286,0.033863,0.096199,-0.002654,0.004927,-0.005722,0.561512,0.351326,-0.632605,-0.401353,92.996753,-25.367279,-97.794725
63732,NaN,4.205712,8.941890,-0.434119,-0.028599,0.039087,0.078295,-0.002654,0.004927,-0.005723,0.561505,0.351324,-0.632607,-0.401363,92.996828,-25.366488,-97.795952
63733,NaN,4.235210,8.958871,-0.437051,-0.029246,0.019551,0.106393,-0.003602,0.005965,-0.006373,0.561503,0.351329,-0.632603,-0.401367,92.996621,-25.365630,-97.795641
63734,NaN,4.224752,8.944915,-0.419394,-0.045567,0.024824,0.088486,-0.001486,0.006533,-0.004876,0.561495,0.351320,-0.632611,-0.401375,92.997042,-25.365634,-97.797748
63735,NaN,4.204304,8.942624,-0.432635,-0.029992,0.040646,0.078284,-0.004282,0.004254,-0.004911,0.561492,0.351315,-0.632613,-0.401380,92.996930,-25.365562,-97.798568
63736,NaN,4.214149,8.965066,-0.407604,-0.055752,0.044273,0.101571,-0.005012,0.007935,-0.005364,0.561500,0.351314,-0.632602,-0.401386,92.995220,-25.365223,-97.797517
63737,NaN,4.203246,8.969054,-0.479490,0.016917,0.047446,0.103893,-0.002409,0.001351,-0.007580,0.561479,0.351317,-0.632612,-0.401398,92.996931,-25.363537,-97.800087
63738,NaN,4.222830,8.945915,-0.417430,-0.047448,0.026929,0.088472,-0.000537,0.005495,-0.004227,0.561470,0.351311,-0.632624,-0.401397,92.998342,-25.364100,-97.802038
63739,NaN,4.212427,8.957792,-0.448043,-0.015973,0.037986,0.096179,-0.000536,0.005495,-0.004227,0.561466,0.351317,-0.632631,-0.401386,93.000048,-25.364457,-97.802096
63740,NaN,4.211760,8.949993,-0.489221,0.024768,0.030589,0.090801,-0.001485,0.006532,-0.004878,0.561469,0.351328,-0.632629,-0.401376,93.000664,-25.364351,-97.800654
63741,NaN,4.211673,8.958187,-0.447232,-0.016915,0.039007,0.096173,-0.003114,0.005859,-0.004065,0.561470,0.351327,-0.632630,-0.401372,93.000798,-25.364811,-97.800487
63742,NaN,4.211274,8.958402,-0.446701,-0.017353,0.039511,0.096171,-0.002433,0.007570,-0.005529,0.561472,0.351332,-0.632626,-0.401372,93.000498,-25.364414,-97.799808
63743,NaN,4.210901,8.958600,-0.446234,-0.017842,0.040035,0.096168,-0.002165,0.004822,-0.003415,0.561471,0.351329,-0.632633,-0.401365,93.001465,-25.365214,-97.800319
63744,NaN,4.230698,8.961254,-0.431871,-0.034349,0.025243,0.106364,-0.006153,0.007156,-0.002244,0.561483,0.351311,-0.632629,-0.401370,92.999154,-25.366628,-97.800226
63745,NaN,4.220020,8.939275,-0.455677,-0.009535,0.022619,0.083082,-0.002406,0.001351,-0.007582,0.561463,0.351314,-0.632638,-0.401382,93.000866,-25.364940,-97.802797
63746,NaN,4.229735,8.961752,-0.430966,-0.035271,0.026294,0.106358,-0.001483,0.006532,-0.004879,0.561456,0.351308,-0.632644,-0.401386,93.001379,-25.364998,-97.804313
63747,NaN,4.209152,8.925513,-0.437781,-0.026343,0.028421,0.065161,-0.002164,0.004822,-0.003416,0.561454,0.351306,-0.632651,-0.401379,93.002347,-25.365799,-97.804825
63748,NaN,4.248729,8.956686,-0.457859,-0.011070,0.004109,0.111194,-0.003598,0.005963,-0.006378,0.561447,0.351300,-0.632651,-0.401396,93.001679,-25.364756,-97.806335
63749,NaN,4.208433,8.959905,-0.443310,-0.020593,0.043107,0.096149,-0.002649,0.004926,-0.005727,0.561442,0.351304,-0.632653,-0.401397,93.002307,-25.364237,-97.806704
63750,NaN,4.227836,8.928741,-0.422437,-0.043796,0.014651,0.075352,-0.005689,0.006222,-0.003906,0.561452,0.351298,-0.632646,-0.401399,93.000702,-25.364711,-97.805840
63751,NaN,4.207708,8.960302,-0.442163,-0.021547,0.044136,0.096143,-0.002381,0.002179,-0.003613,0.561442,0.351290,-0.632660,-0.401398,93.002260,-25.365319,-97.808018
63752,NaN,4.226816,8.921178,-0.462799,-0.003535,0.007780,0.070000,-0.007122,0.007364,-0.006869,0.561445,0.351279,-0.632648,-0.401422,92.999360,-25.364276,-97.808488
63753,NaN,4.246267,8.924008,-0.448257,-0.020109,-0.006972,0.080198,-0.001530,0.011923,-0.006798,0.561458,0.351303,-0.632631,-0.401410,92.998716,-25.363354,-97.804391
63754,NaN,4.206041,8.961182,-0.440191,-0.022891,0.045679,0.096133,-0.001285,0.008348,-0.008655,0.561454,0.351322,-0.632620,-0.401415,92.998656,-25.361134,-97.803113
63755,NaN,4.205394,8.961513,-0.439639,-0.023380,0.046202,0.096129,-0.001529,0.011922,-0.006800,0.561467,0.351346,-0.632603,-0.401403,92.998013,-25.360211,-97.799016
63756,NaN,4.204622,8.927904,-0.432532,-0.030479,0.032978,0.065135,-0.001747,0.009279,-0.006997,0.561469,0.351363,-0.632592,-0.401403,92.997651,-25.358800,-97.797047
63757,NaN,4.233986,8.919062,-0.387494,-0.079022,0.007717,0.067603,0.001295,0.007984,-0.008818,0.561461,0.351394,-0.632587,-0.401394,92.999666,-25.356604,-97.795377
63758,NaN,4.203587,8.936507,-0.390355,-0.072589,0.041947,0.070462,-0.001698,0.003889,-0.005079,0.561445,0.351382,-0.632601,-0.401405,93.000772,-25.356392,-97.798643
63759,NaN,4.212827,8.917111,-0.400534,-0.063852,0.024022,0.057396,-0.002911,0.007673,-0.007846,0.561445,0.351398,-0.632591,-0.401408,93.000475,-25.354742,-97.797202
63760,NaN,4.212278,8.943311,-0.448065,-0.016478,0.030303,0.083052,-0.003327,0.003215,-0.004267,0.561434,0.351383,-0.632602,-0.401418,93.001061,-25.355030,-97.800080
63761,NaN,4.191995,8.974918,-0.468113,0.005776,0.059786,0.103839,-0.000503,-0.000723,-0.006284,0.561406,0.351383,-0.632623,-0.401423,93.004442,-25.354023,-97.804008
63762,NaN,4.191604,8.975114,-0.467849,0.005309,0.060296,0.103836,-0.003791,0.004147,-0.002607,0.561407,0.351372,-0.632630,-0.401422,93.004528,-25.355208,-97.804959
63763,NaN,4.201481,8.989425,-0.484496,0.020690,0.056066,0.121767,-0.003307,0.004042,-0.000296,0.561411,0.351355,-0.632642,-0.401411,93.005096,-25.357770,-97.806069
63764,NaN,4.201749,9.023330,-0.490372,0.026847,0.070279,0.152752,-0.006349,0.005336,0.001524,0.561428,0.351326,-0.632649,-0.401404,93.003577,-25.361348,-97.806558
63765,NaN,4.202067,9.023230,-0.489494,0.026356,0.070804,0.152750,-0.007277,0.007200,0.004843,0.561459,0.351288,-0.632653,-0.401386,93.001087,-25.366945,-97.805839
63766,NaN,4.162950,8.999947,-0.426366,-0.030992,0.104082,0.111988,-0.009834,0.008389,0.008974,0.561507,0.351233,-0.632658,-0.401359,92.997111,-25.375138,-97.804375
63767,NaN,4.233008,8.945733,-0.429430,-0.036009,0.018720,0.093233,-0.012647,0.005282,0.004964,0.561542,0.351175,-0.632658,-0.401361,92.992066,-25.380747,-97.804874
63768,NaN,4.194260,8.982200,-0.421010,-0.038802,0.071378,0.109127,-0.000917,0.009733,0.013315,0.561590,0.351136,-0.632679,-0.401294,92.992344,-25.391077,-97.802224
63769,NaN,4.195552,8.989683,-0.378667,-0.080481,0.079859,0.114427,-0.010732,0.004035,0.010238,0.561628,0.351065,-0.632696,-0.401277,92.988810,-25.399666,-97.803686
63770,NaN,4.206335,8.969583,-0.388497,-0.071702,0.061863,0.101375,-0.003465,0.003878,0.011420,0.561659,0.351016,-0.632724,-0.401233,92.989163,-25.408608,-97.804242
63771,NaN,4.237434,8.959871,-0.343358,-0.120262,0.036634,0.103825,-0.004147,0.002167,0.012882,0.561685,0.350951,-0.632763,-0.401191,92.989947,-25.418654,-97.806975
63772,NaN,4.218110,8.940973,-0.439773,-0.022217,0.036477,0.083020,-0.003683,0.001235,0.011222,0.561701,0.350885,-0.632805,-0.401161,92.990920,-25.427681,-97.811227
63773,NaN,4.228897,8.946823,-0.497984,0.034344,0.024286,0.095664,-0.004629,0.002272,0.010570,0.561724,0.350826,-0.632839,-0.401127,92.991368,-25.436408,-97.813818
63774,NaN,4.249543,8.915035,-0.477143,0.011157,-0.004189,0.074880,-0.004893,0.005020,0.008454,0.561748,0.350773,-0.632862,-0.401103,92.990565,-25.443851,-97.815533
63775,NaN,4.289095,8.870192,-0.525570,0.054194,-0.063816,0.053713,-0.004270,0.004255,-0.004920,0.561745,0.350768,-0.632864,-0.401108,92.990459,-25.443774,-97.816355
63776,NaN,4.288838,8.870364,-0.524769,0.053774,-0.063335,0.053718,-0.005704,0.012440,-0.001861,0.561771,0.350754,-0.632849,-0.401107,92.986851,-25.445542,-97.814060
63777,NaN,4.347872,8.870382,-0.523653,0.046135,-0.116524,0.079035,-0.010495,0.015150,-0.017035,0.561789,0.350792,-0.632787,-0.401147,92.980040,-25.438857,-97.807578
63778,NaN,4.276509,8.865419,-0.463430,-0.004204,-0.049622,0.041067,-0.003773,0.019663,-0.024053,0.561789,0.350868,-0.632717,-0.401191,92.975395,-25.428046,-97.800144
63779,NaN,4.264643,8.868162,-0.361920,-0.102926,-0.028394,0.033685,-0.006144,0.021842,-0.027674,0.561799,0.350965,-0.632626,-0.401235,92.969110,-25.415472,-97.789075
63780,NaN,4.242573,8.908713,-0.339448,-0.121867,0.009077,0.059743,-0.002372,0.016868,-0.029039,0.561785,0.351069,-0.632554,-0.401278,92.966387,-25.401984,-97.780911
63781,NaN,4.219934,8.907486,-0.352461,-0.106238,0.024842,0.049537,-0.000491,0.013969,-0.031710,0.561753,0.351179,-0.632489,-0.401329,92.965430,-25.386866,-97.774700
63782,NaN,4.217694,8.984566,-0.323304,-0.134617,0.060799,0.116767,0.000459,0.012931,-0.031061,0.561710,0.351275,-0.632436,-0.401389,92.965057,-25.372080,-97.771253
63783,NaN,4.194709,8.975452,-0.378515,-0.077797,0.068578,0.101285,0.005646,0.005992,-0.033431,0.561638,0.351392,-0.632402,-0.401440,92.969759,-25.355741,-97.770039
63784,NaN,4.182068,8.996402,-0.368125,-0.087486,0.087581,0.114303,0.005664,0.006817,-0.029462,0.561577,0.351496,-0.632374,-0.401479,92.974180,-25.341716,-97.768544
63785,NaN,4.179644,9.049503,-0.464296,0.007655,0.099583,0.165716,0.004735,0.008678,-0.026145,0.561529,0.351593,-0.632344,-0.401507,92.977734,-25.329626,-97.765866
63786,NaN,4.177553,9.050449,-0.464678,0.007138,0.100115,0.165711,0.012014,0.009354,-0.020983,0.561485,0.351701,-0.632334,-0.401491,92.985510,-25.320521,-97.761928
63787,NaN,4.165877,9.062908,-0.496206,0.038617,0.111126,0.173463,0.011082,0.011215,-0.017666,0.561451,0.351794,-0.632325,-0.401471,92.992134,-25.313359,-97.757922
63788,NaN,4.154520,9.049249,-0.479465,0.022265,0.116410,0.155501,0.010584,0.018362,-0.013957,0.561452,0.351894,-0.632298,-0.401424,92.996705,-25.308589,-97.748445
63789,NaN,4.193446,9.046847,-0.493387,0.030713,0.078477,0.170637,0.007553,0.020479,-0.008169,0.561474,0.351966,-0.632272,-0.401372,92.998935,-25.307139,-97.738890
63790,NaN,4.162996,9.030254,-0.489841,0.030519,0.098957,0.142474,0.006620,0.022341,-0.004851,0.561514,0.352036,-0.632240,-0.401304,93.000066,-25.307532,-97.726686
63791,NaN,4.192440,8.987404,-0.438159,-0.024684,0.060031,0.113932,0.005893,0.026018,-0.005314,0.561562,0.352105,-0.632201,-0.401239,92.999887,-25.307881,-97.713721
63792,NaN,4.182380,8.999181,-0.468390,0.006794,0.071031,0.121690,0.002643,0.025492,0.000279,0.561625,0.352147,-0.632165,-0.401170,92.998060,-25.311379,-97.701059
63793,NaN,4.142888,8.967902,-0.447205,-0.009242,0.096269,0.075560,0.002447,0.024504,0.008032,0.561700,0.352161,-0.632146,-0.401081,92.996504,-25.319319,-97.689492
63794,NaN,4.143654,8.967590,-0.446358,-0.009682,0.096715,0.075555,-0.001728,0.017971,0.006948,0.561763,0.352159,-0.632131,-0.401021,92.993942,-25.326045,-97.681164
63795,NaN,4.184385,8.956430,-0.500799,0.039946,0.050775,0.085461,-0.005418,0.012162,0.012155,0.561821,0.352113,-0.632138,-0.400968,92.991276,-25.335974,-97.677545
63796,NaN,4.215403,8.946818,-0.455030,-0.008626,0.025576,0.087893,-0.005417,0.012162,0.012154,0.561881,0.352069,-0.632144,-0.400913,92.988489,-25.345828,-97.673484
63797,NaN,4.216780,8.972244,-0.501835,0.038685,0.031834,0.113627,-0.010092,0.012777,0.014775,0.561955,0.352003,-0.632145,-0.400866,92.983014,-25.357274,-97.669560
63798,NaN,4.198058,8.935201,-0.507870,0.047772,0.033772,0.072453,-0.007514,0.012416,0.014619,0.562019,0.351937,-0.632153,-0.400821,92.978719,-25.368342,-97.666920
63799,NaN,4.199920,8.976354,-0.471392,0.012706,0.056053,0.108662,-0.012179,0.013858,0.021212,0.562113,0.351847,-0.632158,-0.400761,92.971842,-25.383502,-97.662520
63800,NaN,4.231598,8.950534,-0.507607,0.046584,0.014741,0.100624,-0.020382,0.015043,0.019353,0.562218,0.351736,-0.632139,-0.400741,92.959213,-25.397094,-97.658296
63801,NaN,4.223521,8.969453,-0.494990,0.036873,0.033754,0.113628,-0.009853,0.016242,0.018932,0.562310,0.351664,-0.632138,-0.400675,92.952984,-25.411019,-97.652305
63802,NaN,4.245051,8.945270,-0.431242,-0.027436,0.013260,0.098082,-0.015946,0.017999,0.018577,0.562411,0.351564,-0.632123,-0.400646,92.941970,-25.424481,-97.647776
63803,NaN,4.217006,8.953730,-0.474113,0.020183,0.039468,0.095654,-0.009626,0.018882,0.019119,0.562512,0.351497,-0.632116,-0.400574,92.935150,-25.438589,-97.640112
63804,NaN,4.228655,8.949165,-0.399794,-0.053389,0.037493,0.093102,-0.013142,0.020278,0.018611,0.562617,0.351415,-0.632099,-0.400525,92.925411,-25.452197,-97.633188
63805,NaN,4.210456,8.953822,-0.370215,-0.078923,0.061258,0.088118,-0.010563,0.019916,0.018456,0.562722,0.351350,-0.632085,-0.400457,92.917756,-25.465954,-97.624840
63806,NaN,4.242212,8.969840,-0.371802,-0.079630,0.041774,0.116288,-0.007041,0.018518,0.018959,0.562806,0.351271,-0.632090,-0.400400,92.911814,-25.479684,-97.620657
63807,NaN,4.223812,8.966668,-0.384277,-0.063975,0.057508,0.106082,-0.006359,0.019405,0.013521,0.562892,0.351232,-0.632078,-0.400333,92.906634,-25.490600,-97.612470
63808,NaN,4.234740,8.912535,-0.387148,-0.061709,0.025687,0.062114,-0.005637,0.015726,0.013983,0.562958,0.351170,-0.632081,-0.400289,92.901886,-25.501274,-97.609194
63809,NaN,4.245919,8.892301,-0.396536,-0.052983,0.007707,0.049119,-0.005411,0.018367,0.014174,0.563040,0.351130,-0.632074,-0.400219,92.897536,-25.512532,-97.601682
63810,NaN,4.316296,8.803904,-0.392373,-0.064600,-0.091554,-0.000423,-0.017576,0.015676,0.011413,0.563116,0.351035,-0.632054,-0.400228,92.885922,-25.521615,-97.599894
63811,NaN,4.561541,8.132616,-0.490698,0.002067,-0.612095,-0.495326,-0.052696,0.010205,-0.003769,0.563220,0.350902,-0.631944,-0.400373,92.856460,-25.522367,-97.596980
63812,NaN,4.734662,7.323107,-0.678690,0.163973,-1.139824,-1.142079,0.002186,0.013624,-0.031871,0.563166,0.350989,-0.631896,-0.400448,92.856099,-25.506769,-97.595917
63813,NaN,4.792005,7.654243,-0.614036,0.092104,-1.044987,-0.822287,0.081550,0.023885,-0.087967,0.562908,0.351528,-0.631868,-0.400382,92.898670,-25.459734,-97.581650
63814,NaN,4.360341,8.826924,-0.312896,-0.155969,-0.127126,0.035386,0.120511,0.051125,-0.125323,0.562579,0.352321,-0.631787,-0.400276,92.954810,-25.391921,-97.553332
63815,NaN,3.745173,10.309624,0.313134,-0.706621,1.120754,1.080306,0.089761,0.045467,-0.115802,0.562318,0.353013,-0.631665,-0.400223,92.995835,-25.329624,-97.524408
63816,NaN,3.317761,10.515666,0.440981,-0.787660,1.597920,1.078019,0.002803,-0.009321,-0.055606,0.562156,0.353156,-0.631630,-0.400379,93.002335,-25.299961,-97.532914
63817,NaN,3.257077,10.596244,0.121066,-0.466143,1.650767,1.139996,0.026210,-0.076078,0.011791,0.561880,0.353024,-0.631949,-0.400383,93.041656,-25.307016,-97.585135
63818,NaN,3.553002,10.636916,-0.479453,0.090699,1.343790,1.331085,0.001662,-0.098801,0.087112,0.561722,0.352531,-0.632417,-0.400300,93.073867,-25.356498,-97.655423
63819,NaN,3.941762,10.159256,-1.106737,0.664277,0.732434,1.095800,-0.037686,-0.069862,0.128688,0.561811,0.351861,-0.632795,-0.400166,93.076689,-25.430581,-97.707731
63820,NaN,4.300329,9.466143,-1.473597,0.986144,0.084792,0.641618,-0.059642,-0.014321,0.139380,0.562131,0.351201,-0.632993,-0.399983,93.051533,-25.512038,-97.726304
63821,NaN,4.577886,8.832196,-1.345829,0.830608,-0.410851,0.183174,-0.084897,0.041135,0.129911,0.562656,0.350617,-0.632966,-0.399800,92.997090,-25.590219,-97.708255
63822,NaN,4.701901,8.020957,-1.137995,0.615988,-0.840311,-0.503924,-0.105156,0.079163,0.107924,0.563285,0.350108,-0.632754,-0.399696,92.919282,-25.656064,-97.667488
63823,NaN,4.725990,7.560645,-0.939852,0.424581,-1.031711,-0.916793,-0.075220,0.089509,0.087700,0.563861,0.349781,-0.632536,-0.399515,92.856349,-25.711447,-97.617145
63824,NaN,4.730568,7.503238,-0.662407,0.157333,-1.024350,-0.978573,-0.044905,0.095649,0.050020,0.564309,0.349638,-0.632302,-0.399379,92.806605,-25.744023,-97.567238
63825,NaN,4.783759,7.620303,-0.490584,-0.011215,-0.999087,-0.857480,-0.033776,0.096547,0.010515,0.564680,0.349685,-0.632012,-0.399272,92.764325,-25.755349,-97.509899
63826,NaN,4.714208,7.816209,-0.291422,-0.192970,-0.831055,-0.720168,-0.018929,0.096233,-0.040163,0.564901,0.349894,-0.631675,-0.399310,92.728310,-25.736671,-97.457989
63827,NaN,4.591493,8.070459,-0.076119,-0.386237,-0.592066,-0.554168,-0.002114,0.080133,-0.071844,0.565000,0.350258,-0.631350,-0.399364,92.707647,-25.700354,-97.408594
63828,NaN,4.307095,8.447065,0.213057,-0.636070,-0.149821,-0.351063,0.019909,0.048777,-0.090081,0.564906,0.350644,-0.631139,-0.399491,92.707109,-25.652374,-97.384440
63829,NaN,4.101160,8.844181,0.423534,-0.820538,0.221271,-0.091773,0.039166,0.011400,-0.098494,0.564663,0.351072,-0.631043,-0.399611,92.728706,-25.598938,-97.377907
63830,NaN,3.935879,9.282533,0.480043,-0.859319,0.557245,0.229127,0.047922,-0.017674,-0.088623,0.564318,0.351408,-0.631076,-0.399751,92.762814,-25.550337,-97.394542
63831,NaN,3.851468,9.615170,0.354764,-0.729078,0.756290,0.497871,0.031219,-0.057474,-0.075300,0.563918,0.351602,-0.631199,-0.399951,92.798976,-25.508266,-97.432345
63832,NaN,3.819036,9.775303,-0.025399,-0.353476,0.808357,0.645030,0.036472,-0.075644,-0.048023,0.563500,0.351676,-0.631436,-0.400100,92.843058,-25.481378,-97.484191
63833,NaN,3.917315,9.853996,-0.362046,-0.037910,0.715164,0.773378,0.036816,-0.091270,-0.024241,0.563085,0.351657,-0.631755,-0.400197,92.892267,-25.467506,-97.544949
63834,NaN,4.026286,9.708377,-0.670346,0.247289,0.520693,0.703046,0.029779,-0.071122,0.002604,0.562800,0.351574,-0.632049,-0.400207,92.932101,-25.469437,-97.593708
63835,NaN,4.137077,9.535634,-0.928928,0.484676,0.320552,0.606956,0.021737,-0.039154,0.024940,0.562674,0.351461,-0.632278,-0.400122,92.959146,-25.485166,-97.623018
63836,NaN,4.188786,9.334179,-0.964940,0.510351,0.187034,0.449305,0.011802,-0.006759,0.038025,0.562695,0.351348,-0.632417,-0.399972,92.971969,-25.509275,-97.631599
63837,NaN,4.300779,9.064263,-0.985562,0.515476,-0.027688,0.255203,0.000251,0.017101,0.041936,0.562819,0.351234,-0.632474,-0.399808,92.971603,-25.536387,-97.625819
63838,NaN,4.342926,8.788256,-0.946264,0.471061,-0.175998,0.022809,0.000174,0.040299,0.042128,0.563016,0.351166,-0.632464,-0.399605,92.964635,-25.564033,-97.605183
63839,NaN,4.394643,8.626226,-0.769770,0.290890,-0.268929,-0.109067,-0.007346,0.047760,0.032871,0.563232,0.351120,-0.632404,-0.399437,92.951384,-25.586864,-97.579647
63840,NaN,4.405220,8.475442,-0.537242,0.060783,-0.315339,-0.251068,-0.015543,0.047301,0.023044,0.563439,0.351079,-0.632311,-0.399329,92.933178,-25.603757,-97.554597
63841,NaN,4.455772,8.449920,-0.385577,-0.093019,-0.353090,-0.259133,-0.014834,0.041151,0.011599,0.563604,0.351066,-0.632217,-0.399256,92.917129,-25.614208,-97.532543
63842,NaN,4.416172,8.460594,-0.327581,-0.143442,-0.306043,-0.269245,-0.015055,0.029828,-0.002534,0.563702,0.351069,-0.632131,-0.399251,92.903599,-25.616022,-97.518191
63843,NaN,4.365725,8.567274,-0.231165,-0.231087,-0.204680,-0.199369,-0.010357,0.015142,-0.017140,0.563720,0.351107,-0.632068,-0.399291,92.896846,-25.609266,-97.511713
63844,NaN,4.265551,8.741090,-0.248852,-0.199957,-0.043176,-0.085321,-0.011967,0.001223,-0.024371,0.563678,0.351129,-0.632031,-0.399389,92.892547,-25.597731,-97.515079
63845,NaN,4.254264,8.855781,-0.298261,-0.148704,0.009146,0.015353,-0.012876,-0.010162,-0.029100,0.563597,0.351148,-0.632014,-0.399515,92.891122,-25.583399,-97.524274
63846,NaN,4.222378,8.976067,-0.320310,-0.122392,0.084739,0.110955,-0.014266,-0.015231,-0.034114,0.563489,0.351163,-0.632001,-0.399674,92.889942,-25.565909,-97.537328
63847,NaN,4.240509,9.065936,-0.408102,-0.036979,0.095231,0.203760,-0.013788,-0.014516,-0.027834,0.563398,0.351167,-0.631996,-0.399807,92.889198,-25.552175,-97.549323
63848,NaN,4.208691,9.152084,-0.423813,-0.017294,0.157043,0.268403,-0.010513,-0.012343,-0.025476,0.563313,0.351177,-0.631996,-0.399919,92.889714,-25.539751,-97.559885
63849,NaN,4.157392,9.193697,-0.488638,0.053184,0.212073,0.286764,-0.006563,-0.001426,-0.018574,0.563269,0.351198,-0.631985,-0.399980,92.889654,-25.531695,-97.563873
63850,NaN,4.165789,9.216586,-0.463424,0.027289,0.216008,0.309893,-0.007276,0.003072,-0.015074,0.563246,0.351214,-0.631967,-0.400026,92.888009,-25.525770,-97.565294
63851,NaN,4.164113,9.157121,-0.408404,-0.027542,0.197078,0.253091,-0.001206,0.008349,-0.008693,0.563243,0.351238,-0.631957,-0.400025,92.888483,-25.523650,-97.563399
63852,NaN,4.192949,9.072447,-0.391531,-0.048183,0.136273,0.188439,-0.003555,0.012171,-0.004388,0.563266,0.351249,-0.631938,-0.400013,92.886466,-25.524002,-97.559149
63853,NaN,4.222048,8.995424,-0.333098,-0.110021,0.083642,0.128902,-0.000735,0.009886,0.001566,0.563288,0.351245,-0.631942,-0.399979,92.886931,-25.527797,-97.556607
63854,NaN,4.221719,8.885760,-0.355232,-0.089065,0.034563,0.030925,0.004659,0.005598,-0.000567,0.563282,0.351255,-0.631966,-0.399942,92.891606,-25.530174,-97.556775
63855,NaN,4.271126,8.837272,-0.331595,-0.119356,-0.027564,0.007437,0.001635,0.000676,-0.000804,0.563265,0.351247,-0.631997,-0.399923,92.895914,-25.532347,-97.559999
63856,NaN,4.290992,8.790222,-0.394847,-0.060264,-0.072336,-0.023527,0.008439,-0.005577,-0.003932,0.563210,0.351253,-0.632054,-0.399904,92.905666,-25.532465,-97.567341
63857,NaN,4.299934,8.744780,-0.358432,-0.099308,-0.096029,-0.062303,0.007275,-0.008004,-0.008755,0.563141,0.351269,-0.632106,-0.399905,92.915467,-25.529834,-97.575813
63858,NaN,4.299777,8.797302,-0.455455,-0.004288,-0.084223,-0.010599,0.010076,-0.006546,-0.012682,0.563064,0.351308,-0.632153,-0.399906,92.926344,-25.524934,-97.583057
63859,NaN,4.278796,8.829267,-0.476991,0.018009,-0.054754,0.010156,0.010303,-0.004728,-0.016466,0.562984,0.351363,-0.632189,-0.399913,92.936875,-25.517984,-97.589200
63860,NaN,4.277579,8.897812,-0.491075,0.030665,-0.026619,0.072061,0.012410,-0.004981,-0.018928,0.562895,0.351433,-0.632225,-0.399921,92.948606,-25.509504,-97.595306
63861,NaN,4.245971,8.915691,-0.495715,0.037196,0.007595,0.074784,0.012166,-0.002235,-0.021058,0.562810,0.351512,-0.632249,-0.399931,92.959456,-25.499998,-97.599715
63862,NaN,4.253954,8.980536,-0.437034,-0.023311,0.033532,0.133945,0.008876,0.001799,-0.021387,0.562744,0.351592,-0.632255,-0.399945,92.967293,-25.490379,-97.601457
63863,NaN,4.242373,8.993104,-0.468690,0.008177,0.044446,0.141773,0.008407,0.002728,-0.019732,0.562684,0.351667,-0.632260,-0.399955,92.974652,-25.481778,-97.602760
63864,NaN,4.210268,8.985033,-0.424462,-0.033032,0.072994,0.118623,0.003483,0.005260,-0.023230,0.562637,0.351750,-0.632240,-0.399981,92.978430,-25.471136,-97.601401
63865,NaN,4.227763,8.954714,-0.404221,-0.056310,0.044563,0.097869,0.004430,0.003401,-0.026545,0.562573,0.351836,-0.632223,-0.400021,92.983229,-25.458657,-97.602050
63866,NaN,4.225555,8.997524,-0.369497,-0.091407,0.067080,0.133892,0.006310,0.002156,-0.021250,0.562514,0.351912,-0.632222,-0.400040,92.989478,-25.449103,-97.603146
63867,NaN,4.233382,8.944915,-0.373979,-0.089267,0.035208,0.090023,0.003045,-0.000023,-0.023615,0.562447,0.351978,-0.632217,-0.400082,92.994456,-25.438198,-97.606059
63868,NaN,4.241255,8.926270,-0.385046,-0.080575,0.017160,0.077106,0.006343,-0.004056,-0.023290,0.562365,0.352049,-0.632230,-0.400116,93.002496,-25.427339,-97.610866
63869,NaN,4.219170,8.924702,-0.399815,-0.064840,0.032807,0.066901,0.005434,-0.009234,-0.025990,0.562260,0.352111,-0.632252,-0.400174,93.011311,-25.414798,-97.619531
63870,NaN,4.246658,8.866982,-0.432392,-0.037742,-0.022410,0.028172,0.004749,-0.011771,-0.028501,0.562146,0.352179,-0.632272,-0.400242,93.020343,-25.400607,-97.628952
63871,NaN,4.254513,8.874493,-0.491960,0.018699,-0.034816,0.041143,0.006161,-0.012910,-0.025525,0.562029,0.352235,-0.632307,-0.400302,93.030573,-25.388218,-97.639955
63872,NaN,4.251884,8.875703,-0.492865,0.018224,-0.034322,0.041146,0.002186,-0.012243,-0.032341,0.561910,0.352305,-0.632318,-0.400392,93.038125,-25.371824,-97.649780
63873,NaN,4.239149,8.888752,-0.524801,0.049715,-0.023421,0.048990,0.007344,-0.012955,-0.032637,0.561776,0.352386,-0.632342,-0.400468,93.048934,-25.355361,-97.660564
63874,NaN,4.246147,8.904476,-0.542653,0.064965,-0.027649,0.067037,0.001005,-0.008467,-0.035142,0.561666,0.352472,-0.632334,-0.400559,93.054918,-25.337542,-97.667526
63875,NaN,4.222894,8.945188,-0.522050,0.046085,0.010019,0.092843,0.004499,-0.004470,-0.036572,0.561557,0.352574,-0.632323,-0.400641,93.061733,-25.319084,-97.672799
63876,NaN,4.189739,8.963668,-0.525859,0.052612,0.044225,0.095545,0.002145,-0.001476,-0.036242,0.561466,0.352683,-0.632295,-0.400717,93.066506,-25.300847,-97.674937
63877,NaN,4.166224,9.012282,-0.463534,-0.007443,0.090095,0.126394,0.004945,0.000811,-0.036204,0.561373,0.352796,-0.632269,-0.400787,93.072149,-25.282761,-97.676874
63878,NaN,4.153028,9.033318,-0.453332,-0.017144,0.109191,0.139285,0.002622,-0.001581,-0.033932,0.561285,0.352897,-0.632247,-0.400857,93.077231,-25.265866,-97.679339
63879,NaN,4.130535,9.031856,-0.467505,-0.001397,0.124829,0.129079,0.002129,0.001001,-0.024314,0.561222,0.352966,-0.632237,-0.400902,93.081379,-25.254589,-97.681557
63880,NaN,4.148129,9.077274,-0.418921,-0.052761,0.132275,0.175260,0.007059,-0.001518,-0.020818,0.561152,0.353038,-0.632246,-0.400920,93.089144,-25.245165,-97.684385
63881,NaN,4.146595,9.070115,-0.461123,-0.012074,0.124599,0.170208,0.005892,-0.002301,-0.017689,0.561085,0.353089,-0.632264,-0.400941,93.096433,-25.237575,-97.688915
63882,NaN,4.174829,9.061777,-0.416622,-0.060796,0.099629,0.172549,0.002362,-0.000090,-0.014224,0.561040,0.353129,-0.632273,-0.400954,93.101233,-25.232003,-97.691386
63883,NaN,4.144133,9.037306,-0.455230,-0.019613,0.111792,0.139252,0.001873,0.001667,-0.008583,0.561011,0.353148,-0.632288,-0.400955,93.105281,-25.229745,-97.693717
63884,NaN,4.183559,9.027127,-0.510571,0.029749,0.065686,0.149575,0.002816,0.000635,-0.007921,0.560981,0.353170,-0.632307,-0.400948,93.110292,-25.227827,-97.695948
63885,NaN,4.183048,8.993455,-0.504224,0.022715,0.052353,0.118632,0.000012,-0.000828,-0.003982,0.560956,0.353164,-0.632334,-0.400946,93.114014,-25.228123,-97.700014
63886,NaN,4.192695,8.974062,-0.514764,0.031403,0.034287,0.105745,0.000919,0.003526,-0.005264,0.560944,0.353179,-0.632345,-0.400932,93.117179,-25.227804,-97.700422
63887,NaN,4.192602,8.974123,-0.514463,0.030913,0.034807,0.105745,-0.004475,0.003243,0.002804,0.560954,0.353148,-0.632363,-0.400918,93.117332,-25.232110,-97.702148
63888,NaN,4.192870,8.940119,-0.507584,0.023895,0.021450,0.074805,-0.000047,0.006213,0.002039,0.560963,0.353137,-0.632380,-0.400887,93.119130,-25.235980,-97.701965
63889,NaN,4.192549,8.982006,-0.472334,-0.011230,0.044043,0.110767,0.002293,0.007778,-0.004223,0.560961,0.353155,-0.632386,-0.400863,93.121835,-25.236406,-97.700580
63890,NaN,4.192416,8.989908,-0.430479,-0.052885,0.052763,0.115784,-0.000787,0.010714,0.005547,0.560994,0.353140,-0.632395,-0.400818,93.122047,-25.242424,-97.697672
63891,NaN,4.202714,8.970231,-0.440675,-0.044178,0.034695,0.102900,0.001123,0.006995,-0.001093,0.560998,0.353144,-0.632406,-0.400790,93.124339,-25.244617,-97.696890
63892,NaN,4.202543,8.978142,-0.398911,-0.085833,0.043420,0.107911,-0.000047,0.006213,0.002038,0.561008,0.353134,-0.632423,-0.400760,93.126137,-25.248487,-97.696708
63893,NaN,4.203060,8.936189,-0.433720,-0.051681,0.021856,0.071955,0.001111,0.007823,0.002889,0.561022,0.353126,-0.632440,-0.400720,93.128258,-25.252983,-97.695541
63894,NaN,4.212879,8.958442,-0.409166,-0.077605,0.025856,0.095025,0.004180,0.005714,-0.002899,0.561013,0.353142,-0.632457,-0.400691,93.132538,-25.254013,-97.695503
63895,NaN,4.212943,8.916681,-0.444417,-0.043452,0.004285,0.059075,0.005122,0.004682,-0.002236,0.561000,0.353156,-0.632482,-0.400658,93.137729,-25.255479,-97.696145
63896,NaN,4.232481,8.911680,-0.472224,-0.019007,-0.018536,0.064266,0.004206,0.004058,-0.010863,0.560970,0.353194,-0.632490,-0.400654,93.142353,-25.251901,-97.696878
63897,NaN,4.261460,8.861303,-0.462772,-0.033086,-0.065580,0.030660,0.009363,0.003355,-0.011155,0.560928,0.353245,-0.632511,-0.400635,93.150200,-25.248223,-97.698050
63898,NaN,4.260376,8.887881,-0.511149,0.014141,-0.059437,0.056597,0.001657,0.002753,-0.018684,0.560882,0.353298,-0.632504,-0.400663,93.153599,-25.240130,-97.699334
63899,NaN,4.248523,8.840513,-0.487935,-0.008604,-0.068068,0.007597,0.008680,0.004544,-0.023580,0.560820,0.353389,-0.632498,-0.400679,93.160548,-25.229381,-97.699319
63900,NaN,4.216406,8.926199,-0.504773,0.011036,-0.006128,0.072136,0.004947,0.003284,-0.024288,0.560759,0.353470,-0.632486,-0.400712,93.165604,-25.218100,-97.700069
63901,NaN,4.203990,8.946859,-0.494556,0.001352,0.012991,0.085001,0.004965,0.002455,-0.028274,0.560687,0.353561,-0.632470,-0.400756,93.170916,-25.204600,-97.701209
63902,NaN,4.181940,8.979062,-0.515071,0.023658,0.042460,0.105735,-0.000221,0.004812,-0.020018,0.560649,0.353617,-0.632451,-0.400791,93.172663,-25.195810,-97.701140
63903,NaN,4.129382,9.077894,-0.462500,-0.022806,0.135996,0.170040,0.009134,0.008998,-0.027198,0.560592,0.353730,-0.632427,-0.400808,93.178618,-25.183133,-97.698179
63904,NaN,4.087469,9.141219,-0.503328,0.022286,0.194438,0.211500,-0.002368,0.010443,-0.019501,0.560577,0.353789,-0.632389,-0.400838,93.177628,-25.174817,-97.694569
63905,NaN,4.085494,9.225537,-0.432584,-0.047505,0.239213,0.283323,-0.003788,0.008677,-0.008588,0.560580,0.353806,-0.632373,-0.400844,93.176544,-25.172776,-97.692463
63906,NaN,4.065233,9.256927,-0.451910,-0.025200,0.268694,0.304042,-0.013408,0.008060,0.000438,0.560616,0.353767,-0.632355,-0.400857,93.170168,-25.175788,-97.691062
63907,NaN,4.076184,9.195376,-0.495870,0.018158,0.228486,0.255261,-0.015292,0.006394,0.009028,0.560667,0.353691,-0.632354,-0.400854,93.163368,-25.183752,-97.691017
63908,NaN,4.107469,9.178025,-0.490633,0.010609,0.195304,0.252595,-0.017442,0.008298,0.019464,0.560749,0.353581,-0.632360,-0.400826,93.154899,-25.197652,-97.690131
63909,NaN,4.139893,9.084603,-0.513640,0.031182,0.126116,0.183095,-0.021670,0.008794,0.024397,0.560850,0.353444,-0.632367,-0.400796,93.144026,-25.214484,-97.689100
63910,NaN,4.182865,8.971405,-0.546843,0.060962,0.038290,0.100754,-0.024739,0.010899,0.030180,0.560975,0.353284,-0.632370,-0.400756,93.130831,-25.234595,-97.686937
63911,NaN,4.225808,8.865963,-0.538417,0.049558,-0.041274,0.023393,-0.020568,0.017441,0.031259,0.561115,0.353146,-0.632366,-0.400688,93.118353,-25.255622,-97.680666
63912,NaN,4.248180,8.799787,-0.508986,0.019778,-0.083638,-0.028263,-0.021687,0.014177,0.022435,0.561229,0.353026,-0.632353,-0.400655,93.105903,-25.271402,-97.676153
63913,NaN,4.289852,8.736515,-0.465310,-0.026281,-0.141063,-0.069719,-0.025230,0.020943,0.019963,0.561365,0.352917,-0.632310,-0.400627,93.089635,-25.286073,-97.667266
